## elt 0 ( somms 0 - 91 - 93 )
0.000000 0.000000 0.000000 
0.041667 0.000000 0.000000 
0.000000 0.041667 0.000000 
0.000000 0.000000 0.000000 


## elt 1 ( somms 91 - 28 - 92 )
0.041667 0.000000 0.000000 
0.083333 0.000000 0.000000 
0.041667 0.041667 -0.006836 
0.041667 0.000000 0.000000 


## elt 2 ( somms 92 - 30 - 93 )
0.041667 0.041667 -0.006836 
0.000000 0.083333 0.000000 
0.000000 0.041667 0.000000 
0.041667 0.041667 -0.006836 


## elt 3 ( somms 91 - 92 - 93 )
0.041667 0.000000 0.000000 
0.041667 0.041667 -0.006836 
0.000000 0.041667 0.000000 
0.041667 0.000000 0.000000 


## elt 4 ( somms 28 - 94 - 96 )
0.083333 0.000000 0.000000 
0.125000 0.000000 0.000000 
0.083333 0.041667 -0.011719 
0.083333 0.000000 0.000000 


## elt 5 ( somms 94 - 10 - 95 )
0.125000 0.000000 0.000000 
0.166667 0.000000 0.000000 
0.125000 0.041667 -0.014648 
0.125000 0.000000 0.000000 


## elt 6 ( somms 95 - 29 - 96 )
0.125000 0.041667 -0.014648 
0.083333 0.083333 -0.023438 
0.083333 0.041667 -0.011719 
0.125000 0.041667 -0.014648 


## elt 7 ( somms 94 - 95 - 96 )
0.125000 0.000000 0.000000 
0.125000 0.041667 -0.014648 
0.083333 0.041667 -0.011719 
0.125000 0.000000 0.000000 


## elt 8 ( somms 29 - 97 - 99 )
0.083333 0.083333 -0.023438 
0.041667 0.125000 -0.020508 
0.041667 0.083333 -0.013672 
0.083333 0.083333 -0.023438 


## elt 9 ( somms 97 - 12 - 98 )
0.041667 0.125000 -0.020508 
0.000000 0.166667 0.000000 
0.000000 0.125000 0.000000 
0.041667 0.125000 -0.020508 


## elt 10 ( somms 98 - 30 - 99 )
0.000000 0.125000 0.000000 
0.000000 0.083333 0.000000 
0.041667 0.083333 -0.013672 
0.000000 0.125000 0.000000 


## elt 11 ( somms 97 - 98 - 99 )
0.041667 0.125000 -0.020508 
0.000000 0.125000 0.000000 
0.041667 0.083333 -0.013672 
0.041667 0.125000 -0.020508 


## elt 12 ( somms 28 - 96 - 92 )
0.083333 0.000000 0.000000 
0.083333 0.041667 -0.011719 
0.041667 0.041667 -0.006836 
0.083333 0.000000 0.000000 


## elt 13 ( somms 96 - 29 - 99 )
0.083333 0.041667 -0.011719 
0.083333 0.083333 -0.023438 
0.041667 0.083333 -0.013672 
0.083333 0.041667 -0.011719 


## elt 14 ( somms 99 - 30 - 92 )
0.041667 0.083333 -0.013672 
0.000000 0.083333 0.000000 
0.041667 0.041667 -0.006836 
0.041667 0.083333 -0.013672 


## elt 15 ( somms 96 - 99 - 92 )
0.083333 0.041667 -0.011719 
0.041667 0.083333 -0.013672 
0.041667 0.041667 -0.006836 
0.083333 0.041667 -0.011719 


## elt 16 ( somms 10 - 100 - 102 )
0.166667 0.000000 0.000000 
0.208333 0.000000 0.000000 
0.166667 0.041667 -0.015625 
0.166667 0.000000 0.000000 


## elt 17 ( somms 100 - 31 - 101 )
0.208333 0.000000 0.000000 
0.250000 0.000000 0.000000 
0.208333 0.041667 -0.014648 
0.208333 0.000000 0.000000 


## elt 18 ( somms 101 - 33 - 102 )
0.208333 0.041667 -0.014648 
0.166667 0.083333 -0.031250 
0.166667 0.041667 -0.015625 
0.208333 0.041667 -0.014648 


## elt 19 ( somms 100 - 101 - 102 )
0.208333 0.000000 0.000000 
0.208333 0.041667 -0.014648 
0.166667 0.041667 -0.015625 
0.208333 0.000000 0.000000 


## elt 20 ( somms 31 - 103 - 105 )
0.250000 0.000000 0.000000 
0.291667 0.000000 0.000000 
0.250000 0.041667 -0.011719 
0.250000 0.000000 0.000000 


## elt 21 ( somms 103 - 3 - 104 )
0.291667 0.000000 0.000000 
0.333333 0.000000 0.000000 
0.291667 0.041667 -0.006836 
0.291667 0.000000 0.000000 


## elt 22 ( somms 104 - 32 - 105 )
0.291667 0.041667 -0.006836 
0.250000 0.083333 -0.023438 
0.250000 0.041667 -0.011719 
0.291667 0.041667 -0.006836 


## elt 23 ( somms 103 - 104 - 105 )
0.291667 0.000000 0.000000 
0.291667 0.041667 -0.006836 
0.250000 0.041667 -0.011719 
0.291667 0.000000 0.000000 


## elt 24 ( somms 32 - 106 - 108 )
0.250000 0.083333 -0.023438 
0.208333 0.125000 -0.043945 
0.208333 0.083333 -0.029297 
0.250000 0.083333 -0.023438 


## elt 25 ( somms 106 - 11 - 107 )
0.208333 0.125000 -0.043945 
0.166667 0.166667 -0.062500 
0.166667 0.125000 -0.046875 
0.208333 0.125000 -0.043945 


## elt 26 ( somms 107 - 33 - 108 )
0.166667 0.125000 -0.046875 
0.166667 0.083333 -0.031250 
0.208333 0.083333 -0.029297 
0.166667 0.125000 -0.046875 


## elt 27 ( somms 106 - 107 - 108 )
0.208333 0.125000 -0.043945 
0.166667 0.125000 -0.046875 
0.208333 0.083333 -0.029297 
0.208333 0.125000 -0.043945 


## elt 28 ( somms 31 - 105 - 101 )
0.250000 0.000000 0.000000 
0.250000 0.041667 -0.011719 
0.208333 0.041667 -0.014648 
0.250000 0.000000 0.000000 


## elt 29 ( somms 105 - 32 - 108 )
0.250000 0.041667 -0.011719 
0.250000 0.083333 -0.023438 
0.208333 0.083333 -0.029297 
0.250000 0.041667 -0.011719 


## elt 30 ( somms 108 - 33 - 101 )
0.208333 0.083333 -0.029297 
0.166667 0.083333 -0.031250 
0.208333 0.041667 -0.014648 
0.208333 0.083333 -0.029297 


## elt 31 ( somms 105 - 108 - 101 )
0.250000 0.041667 -0.011719 
0.208333 0.083333 -0.029297 
0.208333 0.041667 -0.014648 
0.250000 0.041667 -0.011719 


## elt 32 ( somms 11 - 109 - 111 )
0.166667 0.166667 -0.062500 
0.125000 0.208333 -0.073242 
0.125000 0.166667 -0.058594 
0.166667 0.166667 -0.062500 


## elt 33 ( somms 109 - 34 - 110 )
0.125000 0.208333 -0.073242 
0.083333 0.250000 -0.070312 
0.083333 0.208333 -0.058594 
0.125000 0.208333 -0.073242 


## elt 34 ( somms 110 - 36 - 111 )
0.083333 0.208333 -0.058594 
0.083333 0.166667 -0.046875 
0.125000 0.166667 -0.058594 
0.083333 0.208333 -0.058594 


## elt 35 ( somms 109 - 110 - 111 )
0.125000 0.208333 -0.073242 
0.083333 0.208333 -0.058594 
0.125000 0.166667 -0.058594 
0.125000 0.208333 -0.073242 


## elt 36 ( somms 34 - 112 - 114 )
0.083333 0.250000 -0.070312 
0.041667 0.291667 -0.047852 
0.041667 0.250000 -0.041016 
0.083333 0.250000 -0.070312 


## elt 37 ( somms 112 - 7 - 113 )
0.041667 0.291667 -0.047852 
0.000000 0.333333 0.000000 
0.000000 0.291667 0.000000 
0.041667 0.291667 -0.047852 


## elt 38 ( somms 113 - 35 - 114 )
0.000000 0.291667 0.000000 
0.000000 0.250000 0.000000 
0.041667 0.250000 -0.041016 
0.000000 0.291667 0.000000 


## elt 39 ( somms 112 - 113 - 114 )
0.041667 0.291667 -0.047852 
0.000000 0.291667 0.000000 
0.041667 0.250000 -0.041016 
0.041667 0.291667 -0.047852 


## elt 40 ( somms 35 - 115 - 117 )
0.000000 0.250000 0.000000 
0.000000 0.208333 0.000000 
0.041667 0.208333 -0.034180 
0.000000 0.250000 0.000000 


## elt 41 ( somms 115 - 12 - 116 )
0.000000 0.208333 0.000000 
0.000000 0.166667 0.000000 
0.041667 0.166667 -0.027344 
0.000000 0.208333 0.000000 


## elt 42 ( somms 116 - 36 - 117 )
0.041667 0.166667 -0.027344 
0.083333 0.166667 -0.046875 
0.041667 0.208333 -0.034180 
0.041667 0.166667 -0.027344 


## elt 43 ( somms 115 - 116 - 117 )
0.000000 0.208333 0.000000 
0.041667 0.166667 -0.027344 
0.041667 0.208333 -0.034180 
0.000000 0.208333 0.000000 


## elt 44 ( somms 34 - 114 - 110 )
0.083333 0.250000 -0.070312 
0.041667 0.250000 -0.041016 
0.083333 0.208333 -0.058594 
0.083333 0.250000 -0.070312 


## elt 45 ( somms 114 - 35 - 117 )
0.041667 0.250000 -0.041016 
0.000000 0.250000 0.000000 
0.041667 0.208333 -0.034180 
0.041667 0.250000 -0.041016 


## elt 46 ( somms 117 - 36 - 110 )
0.041667 0.208333 -0.034180 
0.083333 0.166667 -0.046875 
0.083333 0.208333 -0.058594 
0.041667 0.208333 -0.034180 


## elt 47 ( somms 114 - 117 - 110 )
0.041667 0.250000 -0.041016 
0.041667 0.208333 -0.034180 
0.083333 0.208333 -0.058594 
0.041667 0.250000 -0.041016 


## elt 48 ( somms 10 - 102 - 95 )
0.166667 0.000000 0.000000 
0.166667 0.041667 -0.015625 
0.125000 0.041667 -0.014648 
0.166667 0.000000 0.000000 


## elt 49 ( somms 102 - 33 - 118 )
0.166667 0.041667 -0.015625 
0.166667 0.083333 -0.031250 
0.125000 0.083333 -0.029297 
0.166667 0.041667 -0.015625 


## elt 50 ( somms 118 - 29 - 95 )
0.125000 0.083333 -0.029297 
0.083333 0.083333 -0.023438 
0.125000 0.041667 -0.014648 
0.125000 0.083333 -0.029297 


## elt 51 ( somms 102 - 118 - 95 )
0.166667 0.041667 -0.015625 
0.125000 0.083333 -0.029297 
0.125000 0.041667 -0.014648 
0.166667 0.041667 -0.015625 


## elt 52 ( somms 33 - 107 - 119 )
0.166667 0.083333 -0.031250 
0.166667 0.125000 -0.046875 
0.125000 0.125000 -0.043945 
0.166667 0.083333 -0.031250 


## elt 53 ( somms 107 - 11 - 111 )
0.166667 0.125000 -0.046875 
0.166667 0.166667 -0.062500 
0.125000 0.166667 -0.058594 
0.166667 0.125000 -0.046875 


## elt 54 ( somms 111 - 36 - 119 )
0.125000 0.166667 -0.058594 
0.083333 0.166667 -0.046875 
0.125000 0.125000 -0.043945 
0.125000 0.166667 -0.058594 


## elt 55 ( somms 107 - 111 - 119 )
0.166667 0.125000 -0.046875 
0.125000 0.166667 -0.058594 
0.125000 0.125000 -0.043945 
0.166667 0.125000 -0.046875 


## elt 56 ( somms 36 - 116 - 120 )
0.083333 0.166667 -0.046875 
0.041667 0.166667 -0.027344 
0.083333 0.125000 -0.035156 
0.083333 0.166667 -0.046875 


## elt 57 ( somms 116 - 12 - 97 )
0.041667 0.166667 -0.027344 
0.000000 0.166667 0.000000 
0.041667 0.125000 -0.020508 
0.041667 0.166667 -0.027344 


## elt 58 ( somms 97 - 29 - 120 )
0.041667 0.125000 -0.020508 
0.083333 0.083333 -0.023438 
0.083333 0.125000 -0.035156 
0.041667 0.125000 -0.020508 


## elt 59 ( somms 116 - 97 - 120 )
0.041667 0.166667 -0.027344 
0.041667 0.125000 -0.020508 
0.083333 0.125000 -0.035156 
0.041667 0.166667 -0.027344 


## elt 60 ( somms 33 - 119 - 118 )
0.166667 0.083333 -0.031250 
0.125000 0.125000 -0.043945 
0.125000 0.083333 -0.029297 
0.166667 0.083333 -0.031250 


## elt 61 ( somms 119 - 36 - 120 )
0.125000 0.125000 -0.043945 
0.083333 0.166667 -0.046875 
0.083333 0.125000 -0.035156 
0.125000 0.125000 -0.043945 


## elt 62 ( somms 120 - 29 - 118 )
0.083333 0.125000 -0.035156 
0.083333 0.083333 -0.023438 
0.125000 0.083333 -0.029297 
0.083333 0.125000 -0.035156 


## elt 63 ( somms 119 - 120 - 118 )
0.125000 0.125000 -0.043945 
0.083333 0.125000 -0.035156 
0.125000 0.083333 -0.029297 
0.125000 0.125000 -0.043945 


## elt 64 ( somms 9 - 121 - 123 )
0.333333 0.333333 0.000000 
0.291667 0.333333 -0.054688 
0.333333 0.291667 0.000000 
0.333333 0.333333 0.000000 


## elt 65 ( somms 121 - 37 - 122 )
0.291667 0.333333 -0.054688 
0.250000 0.333333 -0.093750 
0.291667 0.291667 -0.047852 
0.291667 0.333333 -0.054688 


## elt 66 ( somms 122 - 39 - 123 )
0.291667 0.291667 -0.047852 
0.333333 0.250000 0.000000 
0.333333 0.291667 0.000000 
0.291667 0.291667 -0.047852 


## elt 67 ( somms 121 - 122 - 123 )
0.291667 0.333333 -0.054688 
0.291667 0.291667 -0.047852 
0.333333 0.291667 0.000000 
0.291667 0.333333 -0.054688 


## elt 68 ( somms 37 - 124 - 126 )
0.250000 0.333333 -0.093750 
0.208333 0.333333 -0.117188 
0.250000 0.291667 -0.082031 
0.250000 0.333333 -0.093750 


## elt 69 ( somms 124 - 13 - 125 )
0.208333 0.333333 -0.117188 
0.166667 0.333333 -0.125000 
0.208333 0.291667 -0.102539 
0.208333 0.333333 -0.117188 


## elt 70 ( somms 125 - 38 - 126 )
0.208333 0.291667 -0.102539 
0.250000 0.250000 -0.070312 
0.250000 0.291667 -0.082031 
0.208333 0.291667 -0.102539 


## elt 71 ( somms 124 - 125 - 126 )
0.208333 0.333333 -0.117188 
0.208333 0.291667 -0.102539 
0.250000 0.291667 -0.082031 
0.208333 0.333333 -0.117188 


## elt 72 ( somms 38 - 127 - 129 )
0.250000 0.250000 -0.070312 
0.291667 0.208333 -0.034180 
0.291667 0.250000 -0.041016 
0.250000 0.250000 -0.070312 


## elt 73 ( somms 127 - 14 - 128 )
0.291667 0.208333 -0.034180 
0.333333 0.166667 0.000000 
0.333333 0.208333 0.000000 
0.291667 0.208333 -0.034180 


## elt 74 ( somms 128 - 39 - 129 )
0.333333 0.208333 0.000000 
0.333333 0.250000 0.000000 
0.291667 0.250000 -0.041016 
0.333333 0.208333 0.000000 


## elt 75 ( somms 127 - 128 - 129 )
0.291667 0.208333 -0.034180 
0.333333 0.208333 0.000000 
0.291667 0.250000 -0.041016 
0.291667 0.208333 -0.034180 


## elt 76 ( somms 37 - 126 - 122 )
0.250000 0.333333 -0.093750 
0.250000 0.291667 -0.082031 
0.291667 0.291667 -0.047852 
0.250000 0.333333 -0.093750 


## elt 77 ( somms 126 - 38 - 129 )
0.250000 0.291667 -0.082031 
0.250000 0.250000 -0.070312 
0.291667 0.250000 -0.041016 
0.250000 0.291667 -0.082031 


## elt 78 ( somms 129 - 39 - 122 )
0.291667 0.250000 -0.041016 
0.333333 0.250000 0.000000 
0.291667 0.291667 -0.047852 
0.291667 0.250000 -0.041016 


## elt 79 ( somms 126 - 129 - 122 )
0.250000 0.291667 -0.082031 
0.291667 0.250000 -0.041016 
0.291667 0.291667 -0.047852 
0.250000 0.291667 -0.082031 


## elt 80 ( somms 13 - 130 - 132 )
0.166667 0.333333 -0.125000 
0.125000 0.333333 -0.117188 
0.166667 0.291667 -0.109375 
0.166667 0.333333 -0.125000 


## elt 81 ( somms 130 - 40 - 131 )
0.125000 0.333333 -0.117188 
0.083333 0.333333 -0.093750 
0.125000 0.291667 -0.102539 
0.125000 0.333333 -0.117188 


## elt 82 ( somms 131 - 41 - 132 )
0.125000 0.291667 -0.102539 
0.166667 0.250000 -0.093750 
0.166667 0.291667 -0.109375 
0.125000 0.291667 -0.102539 


## elt 83 ( somms 130 - 131 - 132 )
0.125000 0.333333 -0.117188 
0.125000 0.291667 -0.102539 
0.166667 0.291667 -0.109375 
0.125000 0.333333 -0.117188 


## elt 84 ( somms 40 - 133 - 134 )
0.083333 0.333333 -0.093750 
0.041667 0.333333 -0.054688 
0.083333 0.291667 -0.082031 
0.083333 0.333333 -0.093750 


## elt 85 ( somms 133 - 7 - 112 )
0.041667 0.333333 -0.054688 
0.000000 0.333333 0.000000 
0.041667 0.291667 -0.047852 
0.041667 0.333333 -0.054688 


## elt 86 ( somms 112 - 34 - 134 )
0.041667 0.291667 -0.047852 
0.083333 0.250000 -0.070312 
0.083333 0.291667 -0.082031 
0.041667 0.291667 -0.047852 


## elt 87 ( somms 133 - 112 - 134 )
0.041667 0.333333 -0.054688 
0.041667 0.291667 -0.047852 
0.083333 0.291667 -0.082031 
0.041667 0.333333 -0.054688 


## elt 88 ( somms 34 - 109 - 136 )
0.083333 0.250000 -0.070312 
0.125000 0.208333 -0.073242 
0.125000 0.250000 -0.087891 
0.083333 0.250000 -0.070312 


## elt 89 ( somms 109 - 11 - 135 )
0.125000 0.208333 -0.073242 
0.166667 0.166667 -0.062500 
0.166667 0.208333 -0.078125 
0.125000 0.208333 -0.073242 


## elt 90 ( somms 135 - 41 - 136 )
0.166667 0.208333 -0.078125 
0.166667 0.250000 -0.093750 
0.125000 0.250000 -0.087891 
0.166667 0.208333 -0.078125 


## elt 91 ( somms 109 - 135 - 136 )
0.125000 0.208333 -0.073242 
0.166667 0.208333 -0.078125 
0.125000 0.250000 -0.087891 
0.125000 0.208333 -0.073242 


## elt 92 ( somms 40 - 134 - 131 )
0.083333 0.333333 -0.093750 
0.083333 0.291667 -0.082031 
0.125000 0.291667 -0.102539 
0.083333 0.333333 -0.093750 


## elt 93 ( somms 134 - 34 - 136 )
0.083333 0.291667 -0.082031 
0.083333 0.250000 -0.070312 
0.125000 0.250000 -0.087891 
0.083333 0.291667 -0.082031 


## elt 94 ( somms 136 - 41 - 131 )
0.125000 0.250000 -0.087891 
0.166667 0.250000 -0.093750 
0.125000 0.291667 -0.102539 
0.125000 0.250000 -0.087891 


## elt 95 ( somms 134 - 136 - 131 )
0.083333 0.291667 -0.082031 
0.125000 0.250000 -0.087891 
0.125000 0.291667 -0.102539 
0.083333 0.291667 -0.082031 


## elt 96 ( somms 11 - 106 - 138 )
0.166667 0.166667 -0.062500 
0.208333 0.125000 -0.043945 
0.208333 0.166667 -0.058594 
0.166667 0.166667 -0.062500 


## elt 97 ( somms 106 - 32 - 137 )
0.208333 0.125000 -0.043945 
0.250000 0.083333 -0.023438 
0.250000 0.125000 -0.035156 
0.208333 0.125000 -0.043945 


## elt 98 ( somms 137 - 43 - 138 )
0.250000 0.125000 -0.035156 
0.250000 0.166667 -0.046875 
0.208333 0.166667 -0.058594 
0.250000 0.125000 -0.035156 


## elt 99 ( somms 106 - 137 - 138 )
0.208333 0.125000 -0.043945 
0.250000 0.125000 -0.035156 
0.208333 0.166667 -0.058594 
0.208333 0.125000 -0.043945 


## elt 100 ( somms 32 - 104 - 140 )
0.250000 0.083333 -0.023438 
0.291667 0.041667 -0.006836 
0.291667 0.083333 -0.013672 
0.250000 0.083333 -0.023438 


## elt 101 ( somms 104 - 3 - 139 )
0.291667 0.041667 -0.006836 
0.333333 0.000000 0.000000 
0.333333 0.041667 0.000000 
0.291667 0.041667 -0.006836 


## elt 102 ( somms 139 - 42 - 140 )
0.333333 0.041667 0.000000 
0.333333 0.083333 0.000000 
0.291667 0.083333 -0.013672 
0.333333 0.041667 0.000000 


## elt 103 ( somms 104 - 139 - 140 )
0.291667 0.041667 -0.006836 
0.333333 0.041667 0.000000 
0.291667 0.083333 -0.013672 
0.291667 0.041667 -0.006836 


## elt 104 ( somms 42 - 141 - 143 )
0.333333 0.083333 0.000000 
0.333333 0.125000 0.000000 
0.291667 0.125000 -0.020508 
0.333333 0.083333 0.000000 


## elt 105 ( somms 141 - 14 - 142 )
0.333333 0.125000 0.000000 
0.333333 0.166667 0.000000 
0.291667 0.166667 -0.027344 
0.333333 0.125000 0.000000 


## elt 106 ( somms 142 - 43 - 143 )
0.291667 0.166667 -0.027344 
0.250000 0.166667 -0.046875 
0.291667 0.125000 -0.020508 
0.291667 0.166667 -0.027344 


## elt 107 ( somms 141 - 142 - 143 )
0.333333 0.125000 0.000000 
0.291667 0.166667 -0.027344 
0.291667 0.125000 -0.020508 
0.333333 0.125000 0.000000 


## elt 108 ( somms 32 - 140 - 137 )
0.250000 0.083333 -0.023438 
0.291667 0.083333 -0.013672 
0.250000 0.125000 -0.035156 
0.250000 0.083333 -0.023438 


## elt 109 ( somms 140 - 42 - 143 )
0.291667 0.083333 -0.013672 
0.333333 0.083333 0.000000 
0.291667 0.125000 -0.020508 
0.291667 0.083333 -0.013672 


## elt 110 ( somms 143 - 43 - 137 )
0.291667 0.125000 -0.020508 
0.250000 0.166667 -0.046875 
0.250000 0.125000 -0.035156 
0.291667 0.125000 -0.020508 


## elt 111 ( somms 140 - 143 - 137 )
0.291667 0.083333 -0.013672 
0.291667 0.125000 -0.020508 
0.250000 0.125000 -0.035156 
0.291667 0.083333 -0.013672 


## elt 112 ( somms 13 - 132 - 125 )
0.166667 0.333333 -0.125000 
0.166667 0.291667 -0.109375 
0.208333 0.291667 -0.102539 
0.166667 0.333333 -0.125000 


## elt 113 ( somms 132 - 41 - 144 )
0.166667 0.291667 -0.109375 
0.166667 0.250000 -0.093750 
0.208333 0.250000 -0.087891 
0.166667 0.291667 -0.109375 


## elt 114 ( somms 144 - 38 - 125 )
0.208333 0.250000 -0.087891 
0.250000 0.250000 -0.070312 
0.208333 0.291667 -0.102539 
0.208333 0.250000 -0.087891 


## elt 115 ( somms 132 - 144 - 125 )
0.166667 0.291667 -0.109375 
0.208333 0.250000 -0.087891 
0.208333 0.291667 -0.102539 
0.166667 0.291667 -0.109375 


## elt 116 ( somms 41 - 135 - 145 )
0.166667 0.250000 -0.093750 
0.166667 0.208333 -0.078125 
0.208333 0.208333 -0.073242 
0.166667 0.250000 -0.093750 


## elt 117 ( somms 135 - 11 - 138 )
0.166667 0.208333 -0.078125 
0.166667 0.166667 -0.062500 
0.208333 0.166667 -0.058594 
0.166667 0.208333 -0.078125 


## elt 118 ( somms 138 - 43 - 145 )
0.208333 0.166667 -0.058594 
0.250000 0.166667 -0.046875 
0.208333 0.208333 -0.073242 
0.208333 0.166667 -0.058594 


## elt 119 ( somms 135 - 138 - 145 )
0.166667 0.208333 -0.078125 
0.208333 0.166667 -0.058594 
0.208333 0.208333 -0.073242 
0.166667 0.208333 -0.078125 


## elt 120 ( somms 43 - 142 - 146 )
0.250000 0.166667 -0.046875 
0.291667 0.166667 -0.027344 
0.250000 0.208333 -0.058594 
0.250000 0.166667 -0.046875 


## elt 121 ( somms 142 - 14 - 127 )
0.291667 0.166667 -0.027344 
0.333333 0.166667 0.000000 
0.291667 0.208333 -0.034180 
0.291667 0.166667 -0.027344 


## elt 122 ( somms 127 - 38 - 146 )
0.291667 0.208333 -0.034180 
0.250000 0.250000 -0.070312 
0.250000 0.208333 -0.058594 
0.291667 0.208333 -0.034180 


## elt 123 ( somms 142 - 127 - 146 )
0.291667 0.166667 -0.027344 
0.291667 0.208333 -0.034180 
0.250000 0.208333 -0.058594 
0.291667 0.166667 -0.027344 


## elt 124 ( somms 41 - 145 - 144 )
0.166667 0.250000 -0.093750 
0.208333 0.208333 -0.073242 
0.208333 0.250000 -0.087891 
0.166667 0.250000 -0.093750 


## elt 125 ( somms 145 - 43 - 146 )
0.208333 0.208333 -0.073242 
0.250000 0.166667 -0.046875 
0.250000 0.208333 -0.058594 
0.208333 0.208333 -0.073242 


## elt 126 ( somms 146 - 38 - 144 )
0.250000 0.208333 -0.058594 
0.250000 0.250000 -0.070312 
0.208333 0.250000 -0.087891 
0.250000 0.208333 -0.058594 


## elt 127 ( somms 145 - 146 - 144 )
0.208333 0.208333 -0.073242 
0.250000 0.208333 -0.058594 
0.208333 0.250000 -0.087891 
0.208333 0.208333 -0.073242 


## elt 128 ( somms 3 - 147 - 139 )
0.333333 0.000000 0.000000 
0.375000 0.000000 0.000000 
0.333333 0.041667 0.000000 
0.333333 0.000000 0.000000 


## elt 129 ( somms 147 - 44 - 148 )
0.375000 0.000000 0.000000 
0.416667 0.000000 0.000000 
0.375000 0.041667 0.008789 
0.375000 0.000000 0.000000 


## elt 130 ( somms 148 - 42 - 139 )
0.375000 0.041667 0.008789 
0.333333 0.083333 0.000000 
0.333333 0.041667 0.000000 
0.375000 0.041667 0.008789 


## elt 131 ( somms 147 - 148 - 139 )
0.375000 0.000000 0.000000 
0.375000 0.041667 0.008789 
0.333333 0.041667 0.000000 
0.375000 0.000000 0.000000 


## elt 132 ( somms 44 - 149 - 151 )
0.416667 0.000000 0.000000 
0.458333 0.000000 0.000000 
0.416667 0.041667 0.019531 
0.416667 0.000000 0.000000 


## elt 133 ( somms 149 - 15 - 150 )
0.458333 0.000000 0.000000 
0.500000 0.000000 0.000000 
0.458333 0.041667 0.032227 
0.458333 0.000000 0.000000 


## elt 134 ( somms 150 - 45 - 151 )
0.458333 0.041667 0.032227 
0.416667 0.083333 0.039062 
0.416667 0.041667 0.019531 
0.458333 0.041667 0.032227 


## elt 135 ( somms 149 - 150 - 151 )
0.458333 0.000000 0.000000 
0.458333 0.041667 0.032227 
0.416667 0.041667 0.019531 
0.458333 0.000000 0.000000 


## elt 136 ( somms 45 - 152 - 153 )
0.416667 0.083333 0.039062 
0.375000 0.125000 0.026367 
0.375000 0.083333 0.017578 
0.416667 0.083333 0.039062 


## elt 137 ( somms 152 - 14 - 141 )
0.375000 0.125000 0.026367 
0.333333 0.166667 0.000000 
0.333333 0.125000 0.000000 
0.375000 0.125000 0.026367 


## elt 138 ( somms 141 - 42 - 153 )
0.333333 0.125000 0.000000 
0.333333 0.083333 0.000000 
0.375000 0.083333 0.017578 
0.333333 0.125000 0.000000 


## elt 139 ( somms 152 - 141 - 153 )
0.375000 0.125000 0.026367 
0.333333 0.125000 0.000000 
0.375000 0.083333 0.017578 
0.375000 0.125000 0.026367 


## elt 140 ( somms 44 - 151 - 148 )
0.416667 0.000000 0.000000 
0.416667 0.041667 0.019531 
0.375000 0.041667 0.008789 
0.416667 0.000000 0.000000 


## elt 141 ( somms 151 - 45 - 153 )
0.416667 0.041667 0.019531 
0.416667 0.083333 0.039062 
0.375000 0.083333 0.017578 
0.416667 0.041667 0.019531 


## elt 142 ( somms 153 - 42 - 148 )
0.375000 0.083333 0.017578 
0.333333 0.083333 0.000000 
0.375000 0.041667 0.008789 
0.375000 0.083333 0.017578 


## elt 143 ( somms 151 - 153 - 148 )
0.416667 0.041667 0.019531 
0.375000 0.083333 0.017578 
0.375000 0.041667 0.008789 
0.416667 0.041667 0.019531 


## elt 144 ( somms 15 - 154 - 156 )
0.500000 0.000000 0.000000 
0.541667 0.000000 0.000000 
0.500000 0.041667 0.046875 
0.500000 0.000000 0.000000 


## elt 145 ( somms 154 - 46 - 155 )
0.541667 0.000000 0.000000 
0.583333 0.000000 0.000000 
0.541667 0.041667 0.063477 
0.541667 0.000000 0.000000 


## elt 146 ( somms 155 - 48 - 156 )
0.541667 0.041667 0.063477 
0.500000 0.083333 0.093750 
0.500000 0.041667 0.046875 
0.541667 0.041667 0.063477 


## elt 147 ( somms 154 - 155 - 156 )
0.541667 0.000000 0.000000 
0.541667 0.041667 0.063477 
0.500000 0.041667 0.046875 
0.541667 0.000000 0.000000 


## elt 148 ( somms 46 - 157 - 159 )
0.583333 0.000000 0.000000 
0.625000 0.000000 0.000000 
0.583333 0.041667 0.082031 
0.583333 0.000000 0.000000 


## elt 149 ( somms 157 - 4 - 158 )
0.625000 0.000000 0.000000 
0.666667 0.000000 0.000000 
0.625000 0.041667 0.102539 
0.625000 0.000000 0.000000 


## elt 150 ( somms 158 - 47 - 159 )
0.625000 0.041667 0.102539 
0.583333 0.083333 0.164062 
0.583333 0.041667 0.082031 
0.625000 0.041667 0.102539 


## elt 151 ( somms 157 - 158 - 159 )
0.625000 0.000000 0.000000 
0.625000 0.041667 0.102539 
0.583333 0.041667 0.082031 
0.625000 0.000000 0.000000 


## elt 152 ( somms 47 - 160 - 162 )
0.583333 0.083333 0.164062 
0.541667 0.125000 0.190430 
0.541667 0.083333 0.126953 
0.583333 0.083333 0.164062 


## elt 153 ( somms 160 - 16 - 161 )
0.541667 0.125000 0.190430 
0.500000 0.166667 0.187500 
0.500000 0.125000 0.140625 
0.541667 0.125000 0.190430 


## elt 154 ( somms 161 - 48 - 162 )
0.500000 0.125000 0.140625 
0.500000 0.083333 0.093750 
0.541667 0.083333 0.126953 
0.500000 0.125000 0.140625 


## elt 155 ( somms 160 - 161 - 162 )
0.541667 0.125000 0.190430 
0.500000 0.125000 0.140625 
0.541667 0.083333 0.126953 
0.541667 0.125000 0.190430 


## elt 156 ( somms 46 - 159 - 155 )
0.583333 0.000000 0.000000 
0.583333 0.041667 0.082031 
0.541667 0.041667 0.063477 
0.583333 0.000000 0.000000 


## elt 157 ( somms 159 - 47 - 162 )
0.583333 0.041667 0.082031 
0.583333 0.083333 0.164062 
0.541667 0.083333 0.126953 
0.583333 0.041667 0.082031 


## elt 158 ( somms 162 - 48 - 155 )
0.541667 0.083333 0.126953 
0.500000 0.083333 0.093750 
0.541667 0.041667 0.063477 
0.541667 0.083333 0.126953 


## elt 159 ( somms 159 - 162 - 155 )
0.583333 0.041667 0.082031 
0.541667 0.083333 0.126953 
0.541667 0.041667 0.063477 
0.583333 0.041667 0.082031 


## elt 160 ( somms 16 - 163 - 165 )
0.500000 0.166667 0.187500 
0.458333 0.208333 0.161133 
0.458333 0.166667 0.128906 
0.500000 0.166667 0.187500 


## elt 161 ( somms 163 - 49 - 164 )
0.458333 0.208333 0.161133 
0.416667 0.250000 0.117187 
0.416667 0.208333 0.097656 
0.458333 0.208333 0.161133 


## elt 162 ( somms 164 - 50 - 165 )
0.416667 0.208333 0.097656 
0.416667 0.166667 0.078125 
0.458333 0.166667 0.128906 
0.416667 0.208333 0.097656 


## elt 163 ( somms 163 - 164 - 165 )
0.458333 0.208333 0.161133 
0.416667 0.208333 0.097656 
0.458333 0.166667 0.128906 
0.458333 0.208333 0.161133 


## elt 164 ( somms 49 - 166 - 167 )
0.416667 0.250000 0.117187 
0.375000 0.291667 0.061523 
0.375000 0.250000 0.052734 
0.416667 0.250000 0.117187 


## elt 165 ( somms 166 - 9 - 123 )
0.375000 0.291667 0.061523 
0.333333 0.333333 0.000000 
0.333333 0.291667 0.000000 
0.375000 0.291667 0.061523 


## elt 166 ( somms 123 - 39 - 167 )
0.333333 0.291667 0.000000 
0.333333 0.250000 0.000000 
0.375000 0.250000 0.052734 
0.333333 0.291667 0.000000 


## elt 167 ( somms 166 - 123 - 167 )
0.375000 0.291667 0.061523 
0.333333 0.291667 0.000000 
0.375000 0.250000 0.052734 
0.375000 0.291667 0.061523 


## elt 168 ( somms 39 - 128 - 169 )
0.333333 0.250000 0.000000 
0.333333 0.208333 0.000000 
0.375000 0.208333 0.043945 
0.333333 0.250000 0.000000 


## elt 169 ( somms 128 - 14 - 168 )
0.333333 0.208333 0.000000 
0.333333 0.166667 0.000000 
0.375000 0.166667 0.035156 
0.333333 0.208333 0.000000 


## elt 170 ( somms 168 - 50 - 169 )
0.375000 0.166667 0.035156 
0.416667 0.166667 0.078125 
0.375000 0.208333 0.043945 
0.375000 0.166667 0.035156 


## elt 171 ( somms 128 - 168 - 169 )
0.333333 0.208333 0.000000 
0.375000 0.166667 0.035156 
0.375000 0.208333 0.043945 
0.333333 0.208333 0.000000 


## elt 172 ( somms 49 - 167 - 164 )
0.416667 0.250000 0.117187 
0.375000 0.250000 0.052734 
0.416667 0.208333 0.097656 
0.416667 0.250000 0.117187 


## elt 173 ( somms 167 - 39 - 169 )
0.375000 0.250000 0.052734 
0.333333 0.250000 0.000000 
0.375000 0.208333 0.043945 
0.375000 0.250000 0.052734 


## elt 174 ( somms 169 - 50 - 164 )
0.375000 0.208333 0.043945 
0.416667 0.166667 0.078125 
0.416667 0.208333 0.097656 
0.375000 0.208333 0.043945 


## elt 175 ( somms 167 - 169 - 164 )
0.375000 0.250000 0.052734 
0.375000 0.208333 0.043945 
0.416667 0.208333 0.097656 
0.375000 0.250000 0.052734 


## elt 176 ( somms 15 - 156 - 150 )
0.500000 0.000000 0.000000 
0.500000 0.041667 0.046875 
0.458333 0.041667 0.032227 
0.500000 0.000000 0.000000 


## elt 177 ( somms 156 - 48 - 170 )
0.500000 0.041667 0.046875 
0.500000 0.083333 0.093750 
0.458333 0.083333 0.064453 
0.500000 0.041667 0.046875 


## elt 178 ( somms 170 - 45 - 150 )
0.458333 0.083333 0.064453 
0.416667 0.083333 0.039062 
0.458333 0.041667 0.032227 
0.458333 0.083333 0.064453 


## elt 179 ( somms 156 - 170 - 150 )
0.500000 0.041667 0.046875 
0.458333 0.083333 0.064453 
0.458333 0.041667 0.032227 
0.500000 0.041667 0.046875 


## elt 180 ( somms 48 - 161 - 171 )
0.500000 0.083333 0.093750 
0.500000 0.125000 0.140625 
0.458333 0.125000 0.096680 
0.500000 0.083333 0.093750 


## elt 181 ( somms 161 - 16 - 165 )
0.500000 0.125000 0.140625 
0.500000 0.166667 0.187500 
0.458333 0.166667 0.128906 
0.500000 0.125000 0.140625 


## elt 182 ( somms 165 - 50 - 171 )
0.458333 0.166667 0.128906 
0.416667 0.166667 0.078125 
0.458333 0.125000 0.096680 
0.458333 0.166667 0.128906 


## elt 183 ( somms 161 - 165 - 171 )
0.500000 0.125000 0.140625 
0.458333 0.166667 0.128906 
0.458333 0.125000 0.096680 
0.500000 0.125000 0.140625 


## elt 184 ( somms 50 - 168 - 172 )
0.416667 0.166667 0.078125 
0.375000 0.166667 0.035156 
0.416667 0.125000 0.058594 
0.416667 0.166667 0.078125 


## elt 185 ( somms 168 - 14 - 152 )
0.375000 0.166667 0.035156 
0.333333 0.166667 0.000000 
0.375000 0.125000 0.026367 
0.375000 0.166667 0.035156 


## elt 186 ( somms 152 - 45 - 172 )
0.375000 0.125000 0.026367 
0.416667 0.083333 0.039062 
0.416667 0.125000 0.058594 
0.375000 0.125000 0.026367 


## elt 187 ( somms 168 - 152 - 172 )
0.375000 0.166667 0.035156 
0.375000 0.125000 0.026367 
0.416667 0.125000 0.058594 
0.375000 0.166667 0.035156 


## elt 188 ( somms 48 - 171 - 170 )
0.500000 0.083333 0.093750 
0.458333 0.125000 0.096680 
0.458333 0.083333 0.064453 
0.500000 0.083333 0.093750 


## elt 189 ( somms 171 - 50 - 172 )
0.458333 0.125000 0.096680 
0.416667 0.166667 0.078125 
0.416667 0.125000 0.058594 
0.458333 0.125000 0.096680 


## elt 190 ( somms 172 - 45 - 170 )
0.416667 0.125000 0.058594 
0.416667 0.083333 0.039062 
0.458333 0.083333 0.064453 
0.416667 0.125000 0.058594 


## elt 191 ( somms 171 - 172 - 170 )
0.458333 0.125000 0.096680 
0.416667 0.125000 0.058594 
0.458333 0.083333 0.064453 
0.458333 0.125000 0.096680 


## elt 192 ( somms 5 - 173 - 175 )
0.666667 0.333333 1.000000 
0.625000 0.333333 0.820312 
0.666667 0.291667 0.875000 
0.666667 0.333333 1.000000 


## elt 193 ( somms 173 - 51 - 174 )
0.625000 0.333333 0.820312 
0.583333 0.333333 0.656250 
0.625000 0.291667 0.717773 
0.625000 0.333333 0.820312 


## elt 194 ( somms 174 - 53 - 175 )
0.625000 0.291667 0.717773 
0.666667 0.250000 0.750000 
0.666667 0.291667 0.875000 
0.625000 0.291667 0.717773 


## elt 195 ( somms 173 - 174 - 175 )
0.625000 0.333333 0.820312 
0.625000 0.291667 0.717773 
0.666667 0.291667 0.875000 
0.625000 0.333333 0.820312 


## elt 196 ( somms 51 - 176 - 178 )
0.583333 0.333333 0.656250 
0.541667 0.333333 0.507812 
0.583333 0.291667 0.574219 
0.583333 0.333333 0.656250 


## elt 197 ( somms 176 - 17 - 177 )
0.541667 0.333333 0.507812 
0.500000 0.333333 0.375000 
0.541667 0.291667 0.444336 
0.541667 0.333333 0.507812 


## elt 198 ( somms 177 - 52 - 178 )
0.541667 0.291667 0.444336 
0.583333 0.250000 0.492187 
0.583333 0.291667 0.574219 
0.541667 0.291667 0.444336 


## elt 199 ( somms 176 - 177 - 178 )
0.541667 0.333333 0.507812 
0.541667 0.291667 0.444336 
0.583333 0.291667 0.574219 
0.541667 0.333333 0.507812 


## elt 200 ( somms 52 - 179 - 181 )
0.583333 0.250000 0.492187 
0.625000 0.208333 0.512695 
0.625000 0.250000 0.615234 
0.583333 0.250000 0.492187 


## elt 201 ( somms 179 - 18 - 180 )
0.625000 0.208333 0.512695 
0.666667 0.166667 0.500000 
0.666667 0.208333 0.625000 
0.625000 0.208333 0.512695 


## elt 202 ( somms 180 - 53 - 181 )
0.666667 0.208333 0.625000 
0.666667 0.250000 0.750000 
0.625000 0.250000 0.615234 
0.666667 0.208333 0.625000 


## elt 203 ( somms 179 - 180 - 181 )
0.625000 0.208333 0.512695 
0.666667 0.208333 0.625000 
0.625000 0.250000 0.615234 
0.625000 0.208333 0.512695 


## elt 204 ( somms 51 - 178 - 174 )
0.583333 0.333333 0.656250 
0.583333 0.291667 0.574219 
0.625000 0.291667 0.717773 
0.583333 0.333333 0.656250 


## elt 205 ( somms 178 - 52 - 181 )
0.583333 0.291667 0.574219 
0.583333 0.250000 0.492187 
0.625000 0.250000 0.615234 
0.583333 0.291667 0.574219 


## elt 206 ( somms 181 - 53 - 174 )
0.625000 0.250000 0.615234 
0.666667 0.250000 0.750000 
0.625000 0.291667 0.717773 
0.625000 0.250000 0.615234 


## elt 207 ( somms 178 - 181 - 174 )
0.583333 0.291667 0.574219 
0.625000 0.250000 0.615234 
0.625000 0.291667 0.717773 
0.583333 0.291667 0.574219 


## elt 208 ( somms 17 - 182 - 184 )
0.500000 0.333333 0.375000 
0.458333 0.333333 0.257812 
0.500000 0.291667 0.328125 
0.500000 0.333333 0.375000 


## elt 209 ( somms 182 - 54 - 183 )
0.458333 0.333333 0.257812 
0.416667 0.333333 0.156250 
0.458333 0.291667 0.225586 
0.458333 0.333333 0.257812 


## elt 210 ( somms 183 - 55 - 184 )
0.458333 0.291667 0.225586 
0.500000 0.250000 0.281250 
0.500000 0.291667 0.328125 
0.458333 0.291667 0.225586 


## elt 211 ( somms 182 - 183 - 184 )
0.458333 0.333333 0.257812 
0.458333 0.291667 0.225586 
0.500000 0.291667 0.328125 
0.458333 0.333333 0.257812 


## elt 212 ( somms 54 - 185 - 186 )
0.416667 0.333333 0.156250 
0.375000 0.333333 0.070312 
0.416667 0.291667 0.136719 
0.416667 0.333333 0.156250 


## elt 213 ( somms 185 - 9 - 166 )
0.375000 0.333333 0.070312 
0.333333 0.333333 0.000000 
0.375000 0.291667 0.061523 
0.375000 0.333333 0.070312 


## elt 214 ( somms 166 - 49 - 186 )
0.375000 0.291667 0.061523 
0.416667 0.250000 0.117187 
0.416667 0.291667 0.136719 
0.375000 0.291667 0.061523 


## elt 215 ( somms 185 - 166 - 186 )
0.375000 0.333333 0.070312 
0.375000 0.291667 0.061523 
0.416667 0.291667 0.136719 
0.375000 0.333333 0.070312 


## elt 216 ( somms 49 - 163 - 188 )
0.416667 0.250000 0.117187 
0.458333 0.208333 0.161133 
0.458333 0.250000 0.193359 
0.416667 0.250000 0.117187 


## elt 217 ( somms 163 - 16 - 187 )
0.458333 0.208333 0.161133 
0.500000 0.166667 0.187500 
0.500000 0.208333 0.234375 
0.458333 0.208333 0.161133 


## elt 218 ( somms 187 - 55 - 188 )
0.500000 0.208333 0.234375 
0.500000 0.250000 0.281250 
0.458333 0.250000 0.193359 
0.500000 0.208333 0.234375 


## elt 219 ( somms 163 - 187 - 188 )
0.458333 0.208333 0.161133 
0.500000 0.208333 0.234375 
0.458333 0.250000 0.193359 
0.458333 0.208333 0.161133 


## elt 220 ( somms 54 - 186 - 183 )
0.416667 0.333333 0.156250 
0.416667 0.291667 0.136719 
0.458333 0.291667 0.225586 
0.416667 0.333333 0.156250 


## elt 221 ( somms 186 - 49 - 188 )
0.416667 0.291667 0.136719 
0.416667 0.250000 0.117187 
0.458333 0.250000 0.193359 
0.416667 0.291667 0.136719 


## elt 222 ( somms 188 - 55 - 183 )
0.458333 0.250000 0.193359 
0.500000 0.250000 0.281250 
0.458333 0.291667 0.225586 
0.458333 0.250000 0.193359 


## elt 223 ( somms 186 - 188 - 183 )
0.416667 0.291667 0.136719 
0.458333 0.250000 0.193359 
0.458333 0.291667 0.225586 
0.416667 0.291667 0.136719 


## elt 224 ( somms 16 - 160 - 190 )
0.500000 0.166667 0.187500 
0.541667 0.125000 0.190430 
0.541667 0.166667 0.253906 
0.500000 0.166667 0.187500 


## elt 225 ( somms 160 - 47 - 189 )
0.541667 0.125000 0.190430 
0.583333 0.083333 0.164062 
0.583333 0.125000 0.246094 
0.541667 0.125000 0.190430 


## elt 226 ( somms 189 - 57 - 190 )
0.583333 0.125000 0.246094 
0.583333 0.166667 0.328125 
0.541667 0.166667 0.253906 
0.583333 0.125000 0.246094 


## elt 227 ( somms 160 - 189 - 190 )
0.541667 0.125000 0.190430 
0.583333 0.125000 0.246094 
0.541667 0.166667 0.253906 
0.541667 0.125000 0.190430 


## elt 228 ( somms 47 - 158 - 192 )
0.583333 0.083333 0.164062 
0.625000 0.041667 0.102539 
0.625000 0.083333 0.205078 
0.583333 0.083333 0.164062 


## elt 229 ( somms 158 - 4 - 191 )
0.625000 0.041667 0.102539 
0.666667 0.000000 0.000000 
0.666667 0.041667 0.125000 
0.625000 0.041667 0.102539 


## elt 230 ( somms 191 - 56 - 192 )
0.666667 0.041667 0.125000 
0.666667 0.083333 0.250000 
0.625000 0.083333 0.205078 
0.666667 0.041667 0.125000 


## elt 231 ( somms 158 - 191 - 192 )
0.625000 0.041667 0.102539 
0.666667 0.041667 0.125000 
0.625000 0.083333 0.205078 
0.625000 0.041667 0.102539 


## elt 232 ( somms 56 - 193 - 195 )
0.666667 0.083333 0.250000 
0.666667 0.125000 0.375000 
0.625000 0.125000 0.307617 
0.666667 0.083333 0.250000 


## elt 233 ( somms 193 - 18 - 194 )
0.666667 0.125000 0.375000 
0.666667 0.166667 0.500000 
0.625000 0.166667 0.410156 
0.666667 0.125000 0.375000 


## elt 234 ( somms 194 - 57 - 195 )
0.625000 0.166667 0.410156 
0.583333 0.166667 0.328125 
0.625000 0.125000 0.307617 
0.625000 0.166667 0.410156 


## elt 235 ( somms 193 - 194 - 195 )
0.666667 0.125000 0.375000 
0.625000 0.166667 0.410156 
0.625000 0.125000 0.307617 
0.666667 0.125000 0.375000 


## elt 236 ( somms 47 - 192 - 189 )
0.583333 0.083333 0.164062 
0.625000 0.083333 0.205078 
0.583333 0.125000 0.246094 
0.583333 0.083333 0.164062 


## elt 237 ( somms 192 - 56 - 195 )
0.625000 0.083333 0.205078 
0.666667 0.083333 0.250000 
0.625000 0.125000 0.307617 
0.625000 0.083333 0.205078 


## elt 238 ( somms 195 - 57 - 189 )
0.625000 0.125000 0.307617 
0.583333 0.166667 0.328125 
0.583333 0.125000 0.246094 
0.625000 0.125000 0.307617 


## elt 239 ( somms 192 - 195 - 189 )
0.625000 0.083333 0.205078 
0.625000 0.125000 0.307617 
0.583333 0.125000 0.246094 
0.625000 0.083333 0.205078 


## elt 240 ( somms 17 - 184 - 177 )
0.500000 0.333333 0.375000 
0.500000 0.291667 0.328125 
0.541667 0.291667 0.444336 
0.500000 0.333333 0.375000 


## elt 241 ( somms 184 - 55 - 196 )
0.500000 0.291667 0.328125 
0.500000 0.250000 0.281250 
0.541667 0.250000 0.380859 
0.500000 0.291667 0.328125 


## elt 242 ( somms 196 - 52 - 177 )
0.541667 0.250000 0.380859 
0.583333 0.250000 0.492187 
0.541667 0.291667 0.444336 
0.541667 0.250000 0.380859 


## elt 243 ( somms 184 - 196 - 177 )
0.500000 0.291667 0.328125 
0.541667 0.250000 0.380859 
0.541667 0.291667 0.444336 
0.500000 0.291667 0.328125 


## elt 244 ( somms 55 - 187 - 197 )
0.500000 0.250000 0.281250 
0.500000 0.208333 0.234375 
0.541667 0.208333 0.317383 
0.500000 0.250000 0.281250 


## elt 245 ( somms 187 - 16 - 190 )
0.500000 0.208333 0.234375 
0.500000 0.166667 0.187500 
0.541667 0.166667 0.253906 
0.500000 0.208333 0.234375 


## elt 246 ( somms 190 - 57 - 197 )
0.541667 0.166667 0.253906 
0.583333 0.166667 0.328125 
0.541667 0.208333 0.317383 
0.541667 0.166667 0.253906 


## elt 247 ( somms 187 - 190 - 197 )
0.500000 0.208333 0.234375 
0.541667 0.166667 0.253906 
0.541667 0.208333 0.317383 
0.500000 0.208333 0.234375 


## elt 248 ( somms 57 - 194 - 198 )
0.583333 0.166667 0.328125 
0.625000 0.166667 0.410156 
0.583333 0.208333 0.410156 
0.583333 0.166667 0.328125 


## elt 249 ( somms 194 - 18 - 179 )
0.625000 0.166667 0.410156 
0.666667 0.166667 0.500000 
0.625000 0.208333 0.512695 
0.625000 0.166667 0.410156 


## elt 250 ( somms 179 - 52 - 198 )
0.625000 0.208333 0.512695 
0.583333 0.250000 0.492187 
0.583333 0.208333 0.410156 
0.625000 0.208333 0.512695 


## elt 251 ( somms 194 - 179 - 198 )
0.625000 0.166667 0.410156 
0.625000 0.208333 0.512695 
0.583333 0.208333 0.410156 
0.625000 0.166667 0.410156 


## elt 252 ( somms 55 - 197 - 196 )
0.500000 0.250000 0.281250 
0.541667 0.208333 0.317383 
0.541667 0.250000 0.380859 
0.500000 0.250000 0.281250 


## elt 253 ( somms 197 - 57 - 198 )
0.541667 0.208333 0.317383 
0.583333 0.166667 0.328125 
0.583333 0.208333 0.410156 
0.541667 0.208333 0.317383 


## elt 254 ( somms 198 - 52 - 196 )
0.583333 0.208333 0.410156 
0.583333 0.250000 0.492187 
0.541667 0.250000 0.380859 
0.583333 0.208333 0.410156 


## elt 255 ( somms 197 - 198 - 196 )
0.541667 0.208333 0.317383 
0.583333 0.208333 0.410156 
0.541667 0.250000 0.380859 
0.541667 0.208333 0.317383 


## elt 256 ( somms 7 - 133 - 200 )
0.000000 0.333333 0.000000 
0.041667 0.333333 -0.054688 
0.000000 0.375000 0.000000 
0.000000 0.333333 0.000000 


## elt 257 ( somms 133 - 40 - 199 )
0.041667 0.333333 -0.054688 
0.083333 0.333333 -0.093750 
0.041667 0.375000 -0.061523 
0.041667 0.333333 -0.054688 


## elt 258 ( somms 199 - 59 - 200 )
0.041667 0.375000 -0.061523 
0.000000 0.416667 0.000000 
0.000000 0.375000 0.000000 
0.041667 0.375000 -0.061523 


## elt 259 ( somms 133 - 199 - 200 )
0.041667 0.333333 -0.054688 
0.041667 0.375000 -0.061523 
0.000000 0.375000 0.000000 
0.041667 0.333333 -0.054688 


## elt 260 ( somms 40 - 130 - 202 )
0.083333 0.333333 -0.093750 
0.125000 0.333333 -0.117188 
0.083333 0.375000 -0.105469 
0.083333 0.333333 -0.093750 


## elt 261 ( somms 130 - 13 - 201 )
0.125000 0.333333 -0.117188 
0.166667 0.333333 -0.125000 
0.125000 0.375000 -0.131836 
0.125000 0.333333 -0.117188 


## elt 262 ( somms 201 - 58 - 202 )
0.125000 0.375000 -0.131836 
0.083333 0.416667 -0.117188 
0.083333 0.375000 -0.105469 
0.125000 0.375000 -0.131836 


## elt 263 ( somms 130 - 201 - 202 )
0.125000 0.333333 -0.117188 
0.125000 0.375000 -0.131836 
0.083333 0.375000 -0.105469 
0.125000 0.333333 -0.117188 


## elt 264 ( somms 58 - 203 - 205 )
0.083333 0.416667 -0.117188 
0.041667 0.458333 -0.075195 
0.041667 0.416667 -0.068359 
0.083333 0.416667 -0.117188 


## elt 265 ( somms 203 - 20 - 204 )
0.041667 0.458333 -0.075195 
0.000000 0.500000 0.000000 
0.000000 0.458333 0.000000 
0.041667 0.458333 -0.075195 


## elt 266 ( somms 204 - 59 - 205 )
0.000000 0.458333 0.000000 
0.000000 0.416667 0.000000 
0.041667 0.416667 -0.068359 
0.000000 0.458333 0.000000 


## elt 267 ( somms 203 - 204 - 205 )
0.041667 0.458333 -0.075195 
0.000000 0.458333 0.000000 
0.041667 0.416667 -0.068359 
0.041667 0.458333 -0.075195 


## elt 268 ( somms 40 - 202 - 199 )
0.083333 0.333333 -0.093750 
0.083333 0.375000 -0.105469 
0.041667 0.375000 -0.061523 
0.083333 0.333333 -0.093750 


## elt 269 ( somms 202 - 58 - 205 )
0.083333 0.375000 -0.105469 
0.083333 0.416667 -0.117188 
0.041667 0.416667 -0.068359 
0.083333 0.375000 -0.105469 


## elt 270 ( somms 205 - 59 - 199 )
0.041667 0.416667 -0.068359 
0.000000 0.416667 0.000000 
0.041667 0.375000 -0.061523 
0.041667 0.416667 -0.068359 


## elt 271 ( somms 202 - 205 - 199 )
0.083333 0.375000 -0.105469 
0.041667 0.416667 -0.068359 
0.041667 0.375000 -0.061523 
0.083333 0.375000 -0.105469 


## elt 272 ( somms 13 - 124 - 207 )
0.166667 0.333333 -0.125000 
0.208333 0.333333 -0.117188 
0.166667 0.375000 -0.140625 
0.166667 0.333333 -0.125000 


## elt 273 ( somms 124 - 37 - 206 )
0.208333 0.333333 -0.117188 
0.250000 0.333333 -0.093750 
0.208333 0.375000 -0.131836 
0.208333 0.333333 -0.117188 


## elt 274 ( somms 206 - 61 - 207 )
0.208333 0.375000 -0.131836 
0.166667 0.416667 -0.156250 
0.166667 0.375000 -0.140625 
0.208333 0.375000 -0.131836 


## elt 275 ( somms 124 - 206 - 207 )
0.208333 0.333333 -0.117188 
0.208333 0.375000 -0.131836 
0.166667 0.375000 -0.140625 
0.208333 0.333333 -0.117188 


## elt 276 ( somms 37 - 121 - 209 )
0.250000 0.333333 -0.093750 
0.291667 0.333333 -0.054688 
0.250000 0.375000 -0.105469 
0.250000 0.333333 -0.093750 


## elt 277 ( somms 121 - 9 - 208 )
0.291667 0.333333 -0.054688 
0.333333 0.333333 0.000000 
0.291667 0.375000 -0.061523 
0.291667 0.333333 -0.054688 


## elt 278 ( somms 208 - 60 - 209 )
0.291667 0.375000 -0.061523 
0.250000 0.416667 -0.117188 
0.250000 0.375000 -0.105469 
0.291667 0.375000 -0.061523 


## elt 279 ( somms 121 - 208 - 209 )
0.291667 0.333333 -0.054688 
0.291667 0.375000 -0.061523 
0.250000 0.375000 -0.105469 
0.291667 0.333333 -0.054688 


## elt 280 ( somms 60 - 210 - 212 )
0.250000 0.416667 -0.117188 
0.208333 0.458333 -0.161133 
0.208333 0.416667 -0.146484 
0.250000 0.416667 -0.117188 


## elt 281 ( somms 210 - 19 - 211 )
0.208333 0.458333 -0.161133 
0.166667 0.500000 -0.187500 
0.166667 0.458333 -0.171875 
0.208333 0.458333 -0.161133 


## elt 282 ( somms 211 - 61 - 212 )
0.166667 0.458333 -0.171875 
0.166667 0.416667 -0.156250 
0.208333 0.416667 -0.146484 
0.166667 0.458333 -0.171875 


## elt 283 ( somms 210 - 211 - 212 )
0.208333 0.458333 -0.161133 
0.166667 0.458333 -0.171875 
0.208333 0.416667 -0.146484 
0.208333 0.458333 -0.161133 


## elt 284 ( somms 37 - 209 - 206 )
0.250000 0.333333 -0.093750 
0.250000 0.375000 -0.105469 
0.208333 0.375000 -0.131836 
0.250000 0.333333 -0.093750 


## elt 285 ( somms 209 - 60 - 212 )
0.250000 0.375000 -0.105469 
0.250000 0.416667 -0.117188 
0.208333 0.416667 -0.146484 
0.250000 0.375000 -0.105469 


## elt 286 ( somms 212 - 61 - 206 )
0.208333 0.416667 -0.146484 
0.166667 0.416667 -0.156250 
0.208333 0.375000 -0.131836 
0.208333 0.416667 -0.146484 


## elt 287 ( somms 209 - 212 - 206 )
0.250000 0.375000 -0.105469 
0.208333 0.416667 -0.146484 
0.208333 0.375000 -0.131836 
0.250000 0.375000 -0.105469 


## elt 288 ( somms 19 - 213 - 215 )
0.166667 0.500000 -0.187500 
0.125000 0.541667 -0.190430 
0.125000 0.500000 -0.175781 
0.166667 0.500000 -0.187500 


## elt 289 ( somms 213 - 62 - 214 )
0.125000 0.541667 -0.190430 
0.083333 0.583333 -0.164062 
0.083333 0.541667 -0.152344 
0.125000 0.541667 -0.190430 


## elt 290 ( somms 214 - 64 - 215 )
0.083333 0.541667 -0.152344 
0.083333 0.500000 -0.140625 
0.125000 0.500000 -0.175781 
0.083333 0.541667 -0.152344 


## elt 291 ( somms 213 - 214 - 215 )
0.125000 0.541667 -0.190430 
0.083333 0.541667 -0.152344 
0.125000 0.500000 -0.175781 
0.125000 0.541667 -0.190430 


## elt 292 ( somms 62 - 216 - 218 )
0.083333 0.583333 -0.164062 
0.041667 0.625000 -0.102539 
0.041667 0.583333 -0.095703 
0.083333 0.583333 -0.164062 


## elt 293 ( somms 216 - 8 - 217 )
0.041667 0.625000 -0.102539 
0.000000 0.666667 0.000000 
0.000000 0.625000 0.000000 
0.041667 0.625000 -0.102539 


## elt 294 ( somms 217 - 63 - 218 )
0.000000 0.625000 0.000000 
0.000000 0.583333 0.000000 
0.041667 0.583333 -0.095703 
0.000000 0.625000 0.000000 


## elt 295 ( somms 216 - 217 - 218 )
0.041667 0.625000 -0.102539 
0.000000 0.625000 0.000000 
0.041667 0.583333 -0.095703 
0.041667 0.625000 -0.102539 


## elt 296 ( somms 63 - 219 - 221 )
0.000000 0.583333 0.000000 
0.000000 0.541667 0.000000 
0.041667 0.541667 -0.088867 
0.000000 0.583333 0.000000 


## elt 297 ( somms 219 - 20 - 220 )
0.000000 0.541667 0.000000 
0.000000 0.500000 0.000000 
0.041667 0.500000 -0.082031 
0.000000 0.541667 0.000000 


## elt 298 ( somms 220 - 64 - 221 )
0.041667 0.500000 -0.082031 
0.083333 0.500000 -0.140625 
0.041667 0.541667 -0.088867 
0.041667 0.500000 -0.082031 


## elt 299 ( somms 219 - 220 - 221 )
0.000000 0.541667 0.000000 
0.041667 0.500000 -0.082031 
0.041667 0.541667 -0.088867 
0.000000 0.541667 0.000000 


## elt 300 ( somms 62 - 218 - 214 )
0.083333 0.583333 -0.164062 
0.041667 0.583333 -0.095703 
0.083333 0.541667 -0.152344 
0.083333 0.583333 -0.164062 


## elt 301 ( somms 218 - 63 - 221 )
0.041667 0.583333 -0.095703 
0.000000 0.583333 0.000000 
0.041667 0.541667 -0.088867 
0.041667 0.583333 -0.095703 


## elt 302 ( somms 221 - 64 - 214 )
0.041667 0.541667 -0.088867 
0.083333 0.500000 -0.140625 
0.083333 0.541667 -0.152344 
0.041667 0.541667 -0.088867 


## elt 303 ( somms 218 - 221 - 214 )
0.041667 0.583333 -0.095703 
0.041667 0.541667 -0.088867 
0.083333 0.541667 -0.152344 
0.041667 0.583333 -0.095703 


## elt 304 ( somms 13 - 207 - 201 )
0.166667 0.333333 -0.125000 
0.166667 0.375000 -0.140625 
0.125000 0.375000 -0.131836 
0.166667 0.333333 -0.125000 


## elt 305 ( somms 207 - 61 - 222 )
0.166667 0.375000 -0.140625 
0.166667 0.416667 -0.156250 
0.125000 0.416667 -0.146484 
0.166667 0.375000 -0.140625 


## elt 306 ( somms 222 - 58 - 201 )
0.125000 0.416667 -0.146484 
0.083333 0.416667 -0.117188 
0.125000 0.375000 -0.131836 
0.125000 0.416667 -0.146484 


## elt 307 ( somms 207 - 222 - 201 )
0.166667 0.375000 -0.140625 
0.125000 0.416667 -0.146484 
0.125000 0.375000 -0.131836 
0.166667 0.375000 -0.140625 


## elt 308 ( somms 61 - 211 - 223 )
0.166667 0.416667 -0.156250 
0.166667 0.458333 -0.171875 
0.125000 0.458333 -0.161133 
0.166667 0.416667 -0.156250 


## elt 309 ( somms 211 - 19 - 215 )
0.166667 0.458333 -0.171875 
0.166667 0.500000 -0.187500 
0.125000 0.500000 -0.175781 
0.166667 0.458333 -0.171875 


## elt 310 ( somms 215 - 64 - 223 )
0.125000 0.500000 -0.175781 
0.083333 0.500000 -0.140625 
0.125000 0.458333 -0.161133 
0.125000 0.500000 -0.175781 


## elt 311 ( somms 211 - 215 - 223 )
0.166667 0.458333 -0.171875 
0.125000 0.500000 -0.175781 
0.125000 0.458333 -0.161133 
0.166667 0.458333 -0.171875 


## elt 312 ( somms 64 - 220 - 224 )
0.083333 0.500000 -0.140625 
0.041667 0.500000 -0.082031 
0.083333 0.458333 -0.128906 
0.083333 0.500000 -0.140625 


## elt 313 ( somms 220 - 20 - 203 )
0.041667 0.500000 -0.082031 
0.000000 0.500000 0.000000 
0.041667 0.458333 -0.075195 
0.041667 0.500000 -0.082031 


## elt 314 ( somms 203 - 58 - 224 )
0.041667 0.458333 -0.075195 
0.083333 0.416667 -0.117188 
0.083333 0.458333 -0.128906 
0.041667 0.458333 -0.075195 


## elt 315 ( somms 220 - 203 - 224 )
0.041667 0.500000 -0.082031 
0.041667 0.458333 -0.075195 
0.083333 0.458333 -0.128906 
0.041667 0.500000 -0.082031 


## elt 316 ( somms 61 - 223 - 222 )
0.166667 0.416667 -0.156250 
0.125000 0.458333 -0.161133 
0.125000 0.416667 -0.146484 
0.166667 0.416667 -0.156250 


## elt 317 ( somms 223 - 64 - 224 )
0.125000 0.458333 -0.161133 
0.083333 0.500000 -0.140625 
0.083333 0.458333 -0.128906 
0.125000 0.458333 -0.161133 


## elt 318 ( somms 224 - 58 - 222 )
0.083333 0.458333 -0.128906 
0.083333 0.416667 -0.117188 
0.125000 0.416667 -0.146484 
0.083333 0.458333 -0.128906 


## elt 319 ( somms 223 - 224 - 222 )
0.125000 0.458333 -0.161133 
0.083333 0.458333 -0.128906 
0.125000 0.416667 -0.146484 
0.125000 0.458333 -0.161133 


## elt 320 ( somms 6 - 225 - 227 )
0.333333 0.666667 0.000000 
0.291667 0.666667 -0.109375 
0.333333 0.625000 0.000000 
0.333333 0.666667 0.000000 


## elt 321 ( somms 225 - 65 - 226 )
0.291667 0.666667 -0.109375 
0.250000 0.666667 -0.187500 
0.291667 0.625000 -0.102539 
0.291667 0.666667 -0.109375 


## elt 322 ( somms 226 - 67 - 227 )
0.291667 0.625000 -0.102539 
0.333333 0.583333 0.000000 
0.333333 0.625000 0.000000 
0.291667 0.625000 -0.102539 


## elt 323 ( somms 225 - 226 - 227 )
0.291667 0.666667 -0.109375 
0.291667 0.625000 -0.102539 
0.333333 0.625000 0.000000 
0.291667 0.666667 -0.109375 


## elt 324 ( somms 65 - 228 - 230 )
0.250000 0.666667 -0.187500 
0.208333 0.666667 -0.234375 
0.250000 0.625000 -0.175781 
0.250000 0.666667 -0.187500 


## elt 325 ( somms 228 - 21 - 229 )
0.208333 0.666667 -0.234375 
0.166667 0.666667 -0.250000 
0.208333 0.625000 -0.219727 
0.208333 0.666667 -0.234375 


## elt 326 ( somms 229 - 66 - 230 )
0.208333 0.625000 -0.219727 
0.250000 0.583333 -0.164062 
0.250000 0.625000 -0.175781 
0.208333 0.625000 -0.219727 


## elt 327 ( somms 228 - 229 - 230 )
0.208333 0.666667 -0.234375 
0.208333 0.625000 -0.219727 
0.250000 0.625000 -0.175781 
0.208333 0.666667 -0.234375 


## elt 328 ( somms 66 - 231 - 233 )
0.250000 0.583333 -0.164062 
0.291667 0.541667 -0.088867 
0.291667 0.583333 -0.095703 
0.250000 0.583333 -0.164062 


## elt 329 ( somms 231 - 22 - 232 )
0.291667 0.541667 -0.088867 
0.333333 0.500000 0.000000 
0.333333 0.541667 0.000000 
0.291667 0.541667 -0.088867 


## elt 330 ( somms 232 - 67 - 233 )
0.333333 0.541667 0.000000 
0.333333 0.583333 0.000000 
0.291667 0.583333 -0.095703 
0.333333 0.541667 0.000000 


## elt 331 ( somms 231 - 232 - 233 )
0.291667 0.541667 -0.088867 
0.333333 0.541667 0.000000 
0.291667 0.583333 -0.095703 
0.291667 0.541667 -0.088867 


## elt 332 ( somms 65 - 230 - 226 )
0.250000 0.666667 -0.187500 
0.250000 0.625000 -0.175781 
0.291667 0.625000 -0.102539 
0.250000 0.666667 -0.187500 


## elt 333 ( somms 230 - 66 - 233 )
0.250000 0.625000 -0.175781 
0.250000 0.583333 -0.164062 
0.291667 0.583333 -0.095703 
0.250000 0.625000 -0.175781 


## elt 334 ( somms 233 - 67 - 226 )
0.291667 0.583333 -0.095703 
0.333333 0.583333 0.000000 
0.291667 0.625000 -0.102539 
0.291667 0.583333 -0.095703 


## elt 335 ( somms 230 - 233 - 226 )
0.250000 0.625000 -0.175781 
0.291667 0.583333 -0.095703 
0.291667 0.625000 -0.102539 
0.250000 0.625000 -0.175781 


## elt 336 ( somms 21 - 234 - 236 )
0.166667 0.666667 -0.250000 
0.125000 0.666667 -0.234375 
0.166667 0.625000 -0.234375 
0.166667 0.666667 -0.250000 


## elt 337 ( somms 234 - 68 - 235 )
0.125000 0.666667 -0.234375 
0.083333 0.666667 -0.187500 
0.125000 0.625000 -0.219727 
0.125000 0.666667 -0.234375 


## elt 338 ( somms 235 - 69 - 236 )
0.125000 0.625000 -0.219727 
0.166667 0.583333 -0.218750 
0.166667 0.625000 -0.234375 
0.125000 0.625000 -0.219727 


## elt 339 ( somms 234 - 235 - 236 )
0.125000 0.666667 -0.234375 
0.125000 0.625000 -0.219727 
0.166667 0.625000 -0.234375 
0.125000 0.666667 -0.234375 


## elt 340 ( somms 68 - 237 - 238 )
0.083333 0.666667 -0.187500 
0.041667 0.666667 -0.109375 
0.083333 0.625000 -0.175781 
0.083333 0.666667 -0.187500 


## elt 341 ( somms 237 - 8 - 216 )
0.041667 0.666667 -0.109375 
0.000000 0.666667 0.000000 
0.041667 0.625000 -0.102539 
0.041667 0.666667 -0.109375 


## elt 342 ( somms 216 - 62 - 238 )
0.041667 0.625000 -0.102539 
0.083333 0.583333 -0.164062 
0.083333 0.625000 -0.175781 
0.041667 0.625000 -0.102539 


## elt 343 ( somms 237 - 216 - 238 )
0.041667 0.666667 -0.109375 
0.041667 0.625000 -0.102539 
0.083333 0.625000 -0.175781 
0.041667 0.666667 -0.109375 


## elt 344 ( somms 62 - 213 - 240 )
0.083333 0.583333 -0.164062 
0.125000 0.541667 -0.190430 
0.125000 0.583333 -0.205078 
0.083333 0.583333 -0.164062 


## elt 345 ( somms 213 - 19 - 239 )
0.125000 0.541667 -0.190430 
0.166667 0.500000 -0.187500 
0.166667 0.541667 -0.203125 
0.125000 0.541667 -0.190430 


## elt 346 ( somms 239 - 69 - 240 )
0.166667 0.541667 -0.203125 
0.166667 0.583333 -0.218750 
0.125000 0.583333 -0.205078 
0.166667 0.541667 -0.203125 


## elt 347 ( somms 213 - 239 - 240 )
0.125000 0.541667 -0.190430 
0.166667 0.541667 -0.203125 
0.125000 0.583333 -0.205078 
0.125000 0.541667 -0.190430 


## elt 348 ( somms 68 - 238 - 235 )
0.083333 0.666667 -0.187500 
0.083333 0.625000 -0.175781 
0.125000 0.625000 -0.219727 
0.083333 0.666667 -0.187500 


## elt 349 ( somms 238 - 62 - 240 )
0.083333 0.625000 -0.175781 
0.083333 0.583333 -0.164062 
0.125000 0.583333 -0.205078 
0.083333 0.625000 -0.175781 


## elt 350 ( somms 240 - 69 - 235 )
0.125000 0.583333 -0.205078 
0.166667 0.583333 -0.218750 
0.125000 0.625000 -0.219727 
0.125000 0.583333 -0.205078 


## elt 351 ( somms 238 - 240 - 235 )
0.083333 0.625000 -0.175781 
0.125000 0.583333 -0.205078 
0.125000 0.625000 -0.219727 
0.083333 0.625000 -0.175781 


## elt 352 ( somms 19 - 210 - 242 )
0.166667 0.500000 -0.187500 
0.208333 0.458333 -0.161133 
0.208333 0.500000 -0.175781 
0.166667 0.500000 -0.187500 


## elt 353 ( somms 210 - 60 - 241 )
0.208333 0.458333 -0.161133 
0.250000 0.416667 -0.117188 
0.250000 0.458333 -0.128906 
0.208333 0.458333 -0.161133 


## elt 354 ( somms 241 - 71 - 242 )
0.250000 0.458333 -0.128906 
0.250000 0.500000 -0.140625 
0.208333 0.500000 -0.175781 
0.250000 0.458333 -0.128906 


## elt 355 ( somms 210 - 241 - 242 )
0.208333 0.458333 -0.161133 
0.250000 0.458333 -0.128906 
0.208333 0.500000 -0.175781 
0.208333 0.458333 -0.161133 


## elt 356 ( somms 60 - 208 - 244 )
0.250000 0.416667 -0.117188 
0.291667 0.375000 -0.061523 
0.291667 0.416667 -0.068359 
0.250000 0.416667 -0.117188 


## elt 357 ( somms 208 - 9 - 243 )
0.291667 0.375000 -0.061523 
0.333333 0.333333 0.000000 
0.333333 0.375000 0.000000 
0.291667 0.375000 -0.061523 


## elt 358 ( somms 243 - 70 - 244 )
0.333333 0.375000 0.000000 
0.333333 0.416667 0.000000 
0.291667 0.416667 -0.068359 
0.333333 0.375000 0.000000 


## elt 359 ( somms 208 - 243 - 244 )
0.291667 0.375000 -0.061523 
0.333333 0.375000 0.000000 
0.291667 0.416667 -0.068359 
0.291667 0.375000 -0.061523 


## elt 360 ( somms 70 - 245 - 247 )
0.333333 0.416667 0.000000 
0.333333 0.458333 0.000000 
0.291667 0.458333 -0.075195 
0.333333 0.416667 0.000000 


## elt 361 ( somms 245 - 22 - 246 )
0.333333 0.458333 0.000000 
0.333333 0.500000 0.000000 
0.291667 0.500000 -0.082031 
0.333333 0.458333 0.000000 


## elt 362 ( somms 246 - 71 - 247 )
0.291667 0.500000 -0.082031 
0.250000 0.500000 -0.140625 
0.291667 0.458333 -0.075195 
0.291667 0.500000 -0.082031 


## elt 363 ( somms 245 - 246 - 247 )
0.333333 0.458333 0.000000 
0.291667 0.500000 -0.082031 
0.291667 0.458333 -0.075195 
0.333333 0.458333 0.000000 


## elt 364 ( somms 60 - 244 - 241 )
0.250000 0.416667 -0.117188 
0.291667 0.416667 -0.068359 
0.250000 0.458333 -0.128906 
0.250000 0.416667 -0.117188 


## elt 365 ( somms 244 - 70 - 247 )
0.291667 0.416667 -0.068359 
0.333333 0.416667 0.000000 
0.291667 0.458333 -0.075195 
0.291667 0.416667 -0.068359 


## elt 366 ( somms 247 - 71 - 241 )
0.291667 0.458333 -0.075195 
0.250000 0.500000 -0.140625 
0.250000 0.458333 -0.128906 
0.291667 0.458333 -0.075195 


## elt 367 ( somms 244 - 247 - 241 )
0.291667 0.416667 -0.068359 
0.291667 0.458333 -0.075195 
0.250000 0.458333 -0.128906 
0.291667 0.416667 -0.068359 


## elt 368 ( somms 21 - 236 - 229 )
0.166667 0.666667 -0.250000 
0.166667 0.625000 -0.234375 
0.208333 0.625000 -0.219727 
0.166667 0.666667 -0.250000 


## elt 369 ( somms 236 - 69 - 248 )
0.166667 0.625000 -0.234375 
0.166667 0.583333 -0.218750 
0.208333 0.583333 -0.205078 
0.166667 0.625000 -0.234375 


## elt 370 ( somms 248 - 66 - 229 )
0.208333 0.583333 -0.205078 
0.250000 0.583333 -0.164062 
0.208333 0.625000 -0.219727 
0.208333 0.583333 -0.205078 


## elt 371 ( somms 236 - 248 - 229 )
0.166667 0.625000 -0.234375 
0.208333 0.583333 -0.205078 
0.208333 0.625000 -0.219727 
0.166667 0.625000 -0.234375 


## elt 372 ( somms 69 - 239 - 249 )
0.166667 0.583333 -0.218750 
0.166667 0.541667 -0.203125 
0.208333 0.541667 -0.190430 
0.166667 0.583333 -0.218750 


## elt 373 ( somms 239 - 19 - 242 )
0.166667 0.541667 -0.203125 
0.166667 0.500000 -0.187500 
0.208333 0.500000 -0.175781 
0.166667 0.541667 -0.203125 


## elt 374 ( somms 242 - 71 - 249 )
0.208333 0.500000 -0.175781 
0.250000 0.500000 -0.140625 
0.208333 0.541667 -0.190430 
0.208333 0.500000 -0.175781 


## elt 375 ( somms 239 - 242 - 249 )
0.166667 0.541667 -0.203125 
0.208333 0.500000 -0.175781 
0.208333 0.541667 -0.190430 
0.166667 0.541667 -0.203125 


## elt 376 ( somms 71 - 246 - 250 )
0.250000 0.500000 -0.140625 
0.291667 0.500000 -0.082031 
0.250000 0.541667 -0.152344 
0.250000 0.500000 -0.140625 


## elt 377 ( somms 246 - 22 - 231 )
0.291667 0.500000 -0.082031 
0.333333 0.500000 0.000000 
0.291667 0.541667 -0.088867 
0.291667 0.500000 -0.082031 


## elt 378 ( somms 231 - 66 - 250 )
0.291667 0.541667 -0.088867 
0.250000 0.583333 -0.164062 
0.250000 0.541667 -0.152344 
0.291667 0.541667 -0.088867 


## elt 379 ( somms 246 - 231 - 250 )
0.291667 0.500000 -0.082031 
0.291667 0.541667 -0.088867 
0.250000 0.541667 -0.152344 
0.291667 0.500000 -0.082031 


## elt 380 ( somms 69 - 249 - 248 )
0.166667 0.583333 -0.218750 
0.208333 0.541667 -0.190430 
0.208333 0.583333 -0.205078 
0.166667 0.583333 -0.218750 


## elt 381 ( somms 249 - 71 - 250 )
0.208333 0.541667 -0.190430 
0.250000 0.500000 -0.140625 
0.250000 0.541667 -0.152344 
0.208333 0.541667 -0.190430 


## elt 382 ( somms 250 - 66 - 248 )
0.250000 0.541667 -0.152344 
0.250000 0.583333 -0.164062 
0.208333 0.583333 -0.205078 
0.250000 0.541667 -0.152344 


## elt 383 ( somms 249 - 250 - 248 )
0.208333 0.541667 -0.190430 
0.250000 0.541667 -0.152344 
0.208333 0.583333 -0.205078 
0.208333 0.541667 -0.190430 


## elt 384 ( somms 4 - 251 - 191 )
0.666667 0.000000 0.000000 
0.708333 0.000000 0.000000 
0.666667 0.041667 0.125000 
0.666667 0.000000 0.000000 


## elt 385 ( somms 251 - 72 - 252 )
0.708333 0.000000 0.000000 
0.750000 0.000000 0.000000 
0.708333 0.041667 0.149414 
0.708333 0.000000 0.000000 


## elt 386 ( somms 252 - 56 - 191 )
0.708333 0.041667 0.149414 
0.666667 0.083333 0.250000 
0.666667 0.041667 0.125000 
0.708333 0.041667 0.149414 


## elt 387 ( somms 251 - 252 - 191 )
0.708333 0.000000 0.000000 
0.708333 0.041667 0.149414 
0.666667 0.041667 0.125000 
0.708333 0.000000 0.000000 


## elt 388 ( somms 72 - 253 - 255 )
0.750000 0.000000 0.000000 
0.791667 0.000000 0.000000 
0.750000 0.041667 0.175781 
0.750000 0.000000 0.000000 


## elt 389 ( somms 253 - 23 - 254 )
0.791667 0.000000 0.000000 
0.833333 0.000000 0.000000 
0.791667 0.041667 0.204102 
0.791667 0.000000 0.000000 


## elt 390 ( somms 254 - 73 - 255 )
0.791667 0.041667 0.204102 
0.750000 0.083333 0.351562 
0.750000 0.041667 0.175781 
0.791667 0.041667 0.204102 


## elt 391 ( somms 253 - 254 - 255 )
0.791667 0.000000 0.000000 
0.791667 0.041667 0.204102 
0.750000 0.041667 0.175781 
0.791667 0.000000 0.000000 


## elt 392 ( somms 73 - 256 - 257 )
0.750000 0.083333 0.351562 
0.708333 0.125000 0.448242 
0.708333 0.083333 0.298828 
0.750000 0.083333 0.351562 


## elt 393 ( somms 256 - 18 - 193 )
0.708333 0.125000 0.448242 
0.666667 0.166667 0.500000 
0.666667 0.125000 0.375000 
0.708333 0.125000 0.448242 


## elt 394 ( somms 193 - 56 - 257 )
0.666667 0.125000 0.375000 
0.666667 0.083333 0.250000 
0.708333 0.083333 0.298828 
0.666667 0.125000 0.375000 


## elt 395 ( somms 256 - 193 - 257 )
0.708333 0.125000 0.448242 
0.666667 0.125000 0.375000 
0.708333 0.083333 0.298828 
0.708333 0.125000 0.448242 


## elt 396 ( somms 72 - 255 - 252 )
0.750000 0.000000 0.000000 
0.750000 0.041667 0.175781 
0.708333 0.041667 0.149414 
0.750000 0.000000 0.000000 


## elt 397 ( somms 255 - 73 - 257 )
0.750000 0.041667 0.175781 
0.750000 0.083333 0.351562 
0.708333 0.083333 0.298828 
0.750000 0.041667 0.175781 


## elt 398 ( somms 257 - 56 - 252 )
0.708333 0.083333 0.298828 
0.666667 0.083333 0.250000 
0.708333 0.041667 0.149414 
0.708333 0.083333 0.298828 


## elt 399 ( somms 255 - 257 - 252 )
0.750000 0.041667 0.175781 
0.708333 0.083333 0.298828 
0.708333 0.041667 0.149414 
0.750000 0.041667 0.175781 


## elt 400 ( somms 23 - 258 - 260 )
0.833333 0.000000 0.000000 
0.875000 0.000000 0.000000 
0.833333 0.041667 0.234375 
0.833333 0.000000 0.000000 


## elt 401 ( somms 258 - 74 - 259 )
0.875000 0.000000 0.000000 
0.916667 0.000000 0.000000 
0.875000 0.041667 0.266602 
0.875000 0.000000 0.000000 


## elt 402 ( somms 259 - 76 - 260 )
0.875000 0.041667 0.266602 
0.833333 0.083333 0.468750 
0.833333 0.041667 0.234375 
0.875000 0.041667 0.266602 


## elt 403 ( somms 258 - 259 - 260 )
0.875000 0.000000 0.000000 
0.875000 0.041667 0.266602 
0.833333 0.041667 0.234375 
0.875000 0.000000 0.000000 


## elt 404 ( somms 74 - 261 - 263 )
0.916667 0.000000 0.000000 
0.958333 0.000000 0.000000 
0.916667 0.041667 0.300781 
0.916667 0.000000 0.000000 


## elt 405 ( somms 261 - 1 - 262 )
0.958333 0.000000 0.000000 
1.000000 0.000000 0.000000 
0.958333 0.041667 0.336914 
0.958333 0.000000 0.000000 


## elt 406 ( somms 262 - 75 - 263 )
0.958333 0.041667 0.336914 
0.916667 0.083333 0.601562 
0.916667 0.041667 0.300781 
0.958333 0.041667 0.336914 


## elt 407 ( somms 261 - 262 - 263 )
0.958333 0.000000 0.000000 
0.958333 0.041667 0.336914 
0.916667 0.041667 0.300781 
0.958333 0.000000 0.000000 


## elt 408 ( somms 75 - 264 - 266 )
0.916667 0.083333 0.601562 
0.875000 0.125000 0.799805 
0.875000 0.083333 0.533203 
0.916667 0.083333 0.601562 


## elt 409 ( somms 264 - 24 - 265 )
0.875000 0.125000 0.799805 
0.833333 0.166667 0.937500 
0.833333 0.125000 0.703125 
0.875000 0.125000 0.799805 


## elt 410 ( somms 265 - 76 - 266 )
0.833333 0.125000 0.703125 
0.833333 0.083333 0.468750 
0.875000 0.083333 0.533203 
0.833333 0.125000 0.703125 


## elt 411 ( somms 264 - 265 - 266 )
0.875000 0.125000 0.799805 
0.833333 0.125000 0.703125 
0.875000 0.083333 0.533203 
0.875000 0.125000 0.799805 


## elt 412 ( somms 74 - 263 - 259 )
0.916667 0.000000 0.000000 
0.916667 0.041667 0.300781 
0.875000 0.041667 0.266602 
0.916667 0.000000 0.000000 


## elt 413 ( somms 263 - 75 - 266 )
0.916667 0.041667 0.300781 
0.916667 0.083333 0.601562 
0.875000 0.083333 0.533203 
0.916667 0.041667 0.300781 


## elt 414 ( somms 266 - 76 - 259 )
0.875000 0.083333 0.533203 
0.833333 0.083333 0.468750 
0.875000 0.041667 0.266602 
0.875000 0.083333 0.533203 


## elt 415 ( somms 263 - 266 - 259 )
0.916667 0.041667 0.300781 
0.875000 0.083333 0.533203 
0.875000 0.041667 0.266602 
0.916667 0.041667 0.300781 


## elt 416 ( somms 24 - 267 - 269 )
0.833333 0.166667 0.937500 
0.791667 0.208333 1.020508 
0.791667 0.166667 0.816406 
0.833333 0.166667 0.937500 


## elt 417 ( somms 267 - 77 - 268 )
0.791667 0.208333 1.020508 
0.750000 0.250000 1.054688 
0.750000 0.208333 0.878906 
0.791667 0.208333 1.020508 


## elt 418 ( somms 268 - 78 - 269 )
0.750000 0.208333 0.878906 
0.750000 0.166667 0.703125 
0.791667 0.166667 0.816406 
0.750000 0.208333 0.878906 


## elt 419 ( somms 267 - 268 - 269 )
0.791667 0.208333 1.020508 
0.750000 0.208333 0.878906 
0.791667 0.166667 0.816406 
0.791667 0.208333 1.020508 


## elt 420 ( somms 77 - 270 - 271 )
0.750000 0.250000 1.054688 
0.708333 0.291667 1.045898 
0.708333 0.250000 0.896484 
0.750000 0.250000 1.054688 


## elt 421 ( somms 270 - 5 - 175 )
0.708333 0.291667 1.045898 
0.666667 0.333333 1.000000 
0.666667 0.291667 0.875000 
0.708333 0.291667 1.045898 


## elt 422 ( somms 175 - 53 - 271 )
0.666667 0.291667 0.875000 
0.666667 0.250000 0.750000 
0.708333 0.250000 0.896484 
0.666667 0.291667 0.875000 


## elt 423 ( somms 270 - 175 - 271 )
0.708333 0.291667 1.045898 
0.666667 0.291667 0.875000 
0.708333 0.250000 0.896484 
0.708333 0.291667 1.045898 


## elt 424 ( somms 53 - 180 - 273 )
0.666667 0.250000 0.750000 
0.666667 0.208333 0.625000 
0.708333 0.208333 0.747070 
0.666667 0.250000 0.750000 


## elt 425 ( somms 180 - 18 - 272 )
0.666667 0.208333 0.625000 
0.666667 0.166667 0.500000 
0.708333 0.166667 0.597656 
0.666667 0.208333 0.625000 


## elt 426 ( somms 272 - 78 - 273 )
0.708333 0.166667 0.597656 
0.750000 0.166667 0.703125 
0.708333 0.208333 0.747070 
0.708333 0.166667 0.597656 


## elt 427 ( somms 180 - 272 - 273 )
0.666667 0.208333 0.625000 
0.708333 0.166667 0.597656 
0.708333 0.208333 0.747070 
0.666667 0.208333 0.625000 


## elt 428 ( somms 77 - 271 - 268 )
0.750000 0.250000 1.054688 
0.708333 0.250000 0.896484 
0.750000 0.208333 0.878906 
0.750000 0.250000 1.054688 


## elt 429 ( somms 271 - 53 - 273 )
0.708333 0.250000 0.896484 
0.666667 0.250000 0.750000 
0.708333 0.208333 0.747070 
0.708333 0.250000 0.896484 


## elt 430 ( somms 273 - 78 - 268 )
0.708333 0.208333 0.747070 
0.750000 0.166667 0.703125 
0.750000 0.208333 0.878906 
0.708333 0.208333 0.747070 


## elt 431 ( somms 271 - 273 - 268 )
0.708333 0.250000 0.896484 
0.708333 0.208333 0.747070 
0.750000 0.208333 0.878906 
0.708333 0.250000 0.896484 


## elt 432 ( somms 23 - 260 - 254 )
0.833333 0.000000 0.000000 
0.833333 0.041667 0.234375 
0.791667 0.041667 0.204102 
0.833333 0.000000 0.000000 


## elt 433 ( somms 260 - 76 - 274 )
0.833333 0.041667 0.234375 
0.833333 0.083333 0.468750 
0.791667 0.083333 0.408203 
0.833333 0.041667 0.234375 


## elt 434 ( somms 274 - 73 - 254 )
0.791667 0.083333 0.408203 
0.750000 0.083333 0.351562 
0.791667 0.041667 0.204102 
0.791667 0.083333 0.408203 


## elt 435 ( somms 260 - 274 - 254 )
0.833333 0.041667 0.234375 
0.791667 0.083333 0.408203 
0.791667 0.041667 0.204102 
0.833333 0.041667 0.234375 


## elt 436 ( somms 76 - 265 - 275 )
0.833333 0.083333 0.468750 
0.833333 0.125000 0.703125 
0.791667 0.125000 0.612305 
0.833333 0.083333 0.468750 


## elt 437 ( somms 265 - 24 - 269 )
0.833333 0.125000 0.703125 
0.833333 0.166667 0.937500 
0.791667 0.166667 0.816406 
0.833333 0.125000 0.703125 


## elt 438 ( somms 269 - 78 - 275 )
0.791667 0.166667 0.816406 
0.750000 0.166667 0.703125 
0.791667 0.125000 0.612305 
0.791667 0.166667 0.816406 


## elt 439 ( somms 265 - 269 - 275 )
0.833333 0.125000 0.703125 
0.791667 0.166667 0.816406 
0.791667 0.125000 0.612305 
0.833333 0.125000 0.703125 


## elt 440 ( somms 78 - 272 - 276 )
0.750000 0.166667 0.703125 
0.708333 0.166667 0.597656 
0.750000 0.125000 0.527344 
0.750000 0.166667 0.703125 


## elt 441 ( somms 272 - 18 - 256 )
0.708333 0.166667 0.597656 
0.666667 0.166667 0.500000 
0.708333 0.125000 0.448242 
0.708333 0.166667 0.597656 


## elt 442 ( somms 256 - 73 - 276 )
0.708333 0.125000 0.448242 
0.750000 0.083333 0.351562 
0.750000 0.125000 0.527344 
0.708333 0.125000 0.448242 


## elt 443 ( somms 272 - 256 - 276 )
0.708333 0.166667 0.597656 
0.708333 0.125000 0.448242 
0.750000 0.125000 0.527344 
0.708333 0.166667 0.597656 


## elt 444 ( somms 76 - 275 - 274 )
0.833333 0.083333 0.468750 
0.791667 0.125000 0.612305 
0.791667 0.083333 0.408203 
0.833333 0.083333 0.468750 


## elt 445 ( somms 275 - 78 - 276 )
0.791667 0.125000 0.612305 
0.750000 0.166667 0.703125 
0.750000 0.125000 0.527344 
0.791667 0.125000 0.612305 


## elt 446 ( somms 276 - 73 - 274 )
0.750000 0.125000 0.527344 
0.750000 0.083333 0.351562 
0.791667 0.083333 0.408203 
0.750000 0.125000 0.527344 


## elt 447 ( somms 275 - 276 - 274 )
0.791667 0.125000 0.612305 
0.750000 0.125000 0.527344 
0.791667 0.083333 0.408203 
0.791667 0.125000 0.612305 


## elt 448 ( somms 9 - 185 - 243 )
0.333333 0.333333 0.000000 
0.375000 0.333333 0.070312 
0.333333 0.375000 0.000000 
0.333333 0.333333 0.000000 


## elt 449 ( somms 185 - 54 - 277 )
0.375000 0.333333 0.070312 
0.416667 0.333333 0.156250 
0.375000 0.375000 0.079102 
0.375000 0.333333 0.070312 


## elt 450 ( somms 277 - 70 - 243 )
0.375000 0.375000 0.079102 
0.333333 0.416667 0.000000 
0.333333 0.375000 0.000000 
0.375000 0.375000 0.079102 


## elt 451 ( somms 185 - 277 - 243 )
0.375000 0.333333 0.070312 
0.375000 0.375000 0.079102 
0.333333 0.375000 0.000000 
0.375000 0.333333 0.070312 


## elt 452 ( somms 54 - 182 - 279 )
0.416667 0.333333 0.156250 
0.458333 0.333333 0.257812 
0.416667 0.375000 0.175781 
0.416667 0.333333 0.156250 


## elt 453 ( somms 182 - 17 - 278 )
0.458333 0.333333 0.257812 
0.500000 0.333333 0.375000 
0.458333 0.375000 0.290039 
0.458333 0.333333 0.257812 


## elt 454 ( somms 278 - 79 - 279 )
0.458333 0.375000 0.290039 
0.416667 0.416667 0.195312 
0.416667 0.375000 0.175781 
0.458333 0.375000 0.290039 


## elt 455 ( somms 182 - 278 - 279 )
0.458333 0.333333 0.257812 
0.458333 0.375000 0.290039 
0.416667 0.375000 0.175781 
0.458333 0.333333 0.257812 


## elt 456 ( somms 79 - 280 - 281 )
0.416667 0.416667 0.195312 
0.375000 0.458333 0.096680 
0.375000 0.416667 0.087891 
0.416667 0.416667 0.195312 


## elt 457 ( somms 280 - 22 - 245 )
0.375000 0.458333 0.096680 
0.333333 0.500000 0.000000 
0.333333 0.458333 0.000000 
0.375000 0.458333 0.096680 


## elt 458 ( somms 245 - 70 - 281 )
0.333333 0.458333 0.000000 
0.333333 0.416667 0.000000 
0.375000 0.416667 0.087891 
0.333333 0.458333 0.000000 


## elt 459 ( somms 280 - 245 - 281 )
0.375000 0.458333 0.096680 
0.333333 0.458333 0.000000 
0.375000 0.416667 0.087891 
0.375000 0.458333 0.096680 


## elt 460 ( somms 54 - 279 - 277 )
0.416667 0.333333 0.156250 
0.416667 0.375000 0.175781 
0.375000 0.375000 0.079102 
0.416667 0.333333 0.156250 


## elt 461 ( somms 279 - 79 - 281 )
0.416667 0.375000 0.175781 
0.416667 0.416667 0.195312 
0.375000 0.416667 0.087891 
0.416667 0.375000 0.175781 


## elt 462 ( somms 281 - 70 - 277 )
0.375000 0.416667 0.087891 
0.333333 0.416667 0.000000 
0.375000 0.375000 0.079102 
0.375000 0.416667 0.087891 


## elt 463 ( somms 279 - 281 - 277 )
0.416667 0.375000 0.175781 
0.375000 0.416667 0.087891 
0.375000 0.375000 0.079102 
0.416667 0.375000 0.175781 


## elt 464 ( somms 17 - 176 - 283 )
0.500000 0.333333 0.375000 
0.541667 0.333333 0.507812 
0.500000 0.375000 0.421875 
0.500000 0.333333 0.375000 


## elt 465 ( somms 176 - 51 - 282 )
0.541667 0.333333 0.507812 
0.583333 0.333333 0.656250 
0.541667 0.375000 0.571289 
0.541667 0.333333 0.507812 


## elt 466 ( somms 282 - 81 - 283 )
0.541667 0.375000 0.571289 
0.500000 0.416667 0.468750 
0.500000 0.375000 0.421875 
0.541667 0.375000 0.571289 


## elt 467 ( somms 176 - 282 - 283 )
0.541667 0.333333 0.507812 
0.541667 0.375000 0.571289 
0.500000 0.375000 0.421875 
0.541667 0.333333 0.507812 


## elt 468 ( somms 51 - 173 - 285 )
0.583333 0.333333 0.656250 
0.625000 0.333333 0.820312 
0.583333 0.375000 0.738281 
0.583333 0.333333 0.656250 


## elt 469 ( somms 173 - 5 - 284 )
0.625000 0.333333 0.820312 
0.666667 0.333333 1.000000 
0.625000 0.375000 0.922852 
0.625000 0.333333 0.820312 


## elt 470 ( somms 284 - 80 - 285 )
0.625000 0.375000 0.922852 
0.583333 0.416667 0.820312 
0.583333 0.375000 0.738281 
0.625000 0.375000 0.922852 


## elt 471 ( somms 173 - 284 - 285 )
0.625000 0.333333 0.820312 
0.625000 0.375000 0.922852 
0.583333 0.375000 0.738281 
0.625000 0.333333 0.820312 


## elt 472 ( somms 80 - 286 - 288 )
0.583333 0.416667 0.820312 
0.541667 0.458333 0.698242 
0.541667 0.416667 0.634766 
0.583333 0.416667 0.820312 


## elt 473 ( somms 286 - 25 - 287 )
0.541667 0.458333 0.698242 
0.500000 0.500000 0.562500 
0.500000 0.458333 0.515625 
0.541667 0.458333 0.698242 


## elt 474 ( somms 287 - 81 - 288 )
0.500000 0.458333 0.515625 
0.500000 0.416667 0.468750 
0.541667 0.416667 0.634766 
0.500000 0.458333 0.515625 


## elt 475 ( somms 286 - 287 - 288 )
0.541667 0.458333 0.698242 
0.500000 0.458333 0.515625 
0.541667 0.416667 0.634766 
0.541667 0.458333 0.698242 


## elt 476 ( somms 51 - 285 - 282 )
0.583333 0.333333 0.656250 
0.583333 0.375000 0.738281 
0.541667 0.375000 0.571289 
0.583333 0.333333 0.656250 


## elt 477 ( somms 285 - 80 - 288 )
0.583333 0.375000 0.738281 
0.583333 0.416667 0.820312 
0.541667 0.416667 0.634766 
0.583333 0.375000 0.738281 


## elt 478 ( somms 288 - 81 - 282 )
0.541667 0.416667 0.634766 
0.500000 0.416667 0.468750 
0.541667 0.375000 0.571289 
0.541667 0.416667 0.634766 


## elt 479 ( somms 285 - 288 - 282 )
0.583333 0.375000 0.738281 
0.541667 0.416667 0.634766 
0.541667 0.375000 0.571289 
0.583333 0.375000 0.738281 


## elt 480 ( somms 25 - 289 - 291 )
0.500000 0.500000 0.562500 
0.458333 0.541667 0.418945 
0.458333 0.500000 0.386719 
0.500000 0.500000 0.562500 


## elt 481 ( somms 289 - 82 - 290 )
0.458333 0.541667 0.418945 
0.416667 0.583333 0.273437 
0.416667 0.541667 0.253906 
0.458333 0.541667 0.418945 


## elt 482 ( somms 290 - 83 - 291 )
0.416667 0.541667 0.253906 
0.416667 0.500000 0.234375 
0.458333 0.500000 0.386719 
0.416667 0.541667 0.253906 


## elt 483 ( somms 289 - 290 - 291 )
0.458333 0.541667 0.418945 
0.416667 0.541667 0.253906 
0.458333 0.500000 0.386719 
0.458333 0.541667 0.418945 


## elt 484 ( somms 82 - 292 - 293 )
0.416667 0.583333 0.273437 
0.375000 0.625000 0.131836 
0.375000 0.583333 0.123047 
0.416667 0.583333 0.273437 


## elt 485 ( somms 292 - 6 - 227 )
0.375000 0.625000 0.131836 
0.333333 0.666667 0.000000 
0.333333 0.625000 0.000000 
0.375000 0.625000 0.131836 


## elt 486 ( somms 227 - 67 - 293 )
0.333333 0.625000 0.000000 
0.333333 0.583333 0.000000 
0.375000 0.583333 0.123047 
0.333333 0.625000 0.000000 


## elt 487 ( somms 292 - 227 - 293 )
0.375000 0.625000 0.131836 
0.333333 0.625000 0.000000 
0.375000 0.583333 0.123047 
0.375000 0.625000 0.131836 


## elt 488 ( somms 67 - 232 - 295 )
0.333333 0.583333 0.000000 
0.333333 0.541667 0.000000 
0.375000 0.541667 0.114258 
0.333333 0.583333 0.000000 


## elt 489 ( somms 232 - 22 - 294 )
0.333333 0.541667 0.000000 
0.333333 0.500000 0.000000 
0.375000 0.500000 0.105469 
0.333333 0.541667 0.000000 


## elt 490 ( somms 294 - 83 - 295 )
0.375000 0.500000 0.105469 
0.416667 0.500000 0.234375 
0.375000 0.541667 0.114258 
0.375000 0.500000 0.105469 


## elt 491 ( somms 232 - 294 - 295 )
0.333333 0.541667 0.000000 
0.375000 0.500000 0.105469 
0.375000 0.541667 0.114258 
0.333333 0.541667 0.000000 


## elt 492 ( somms 82 - 293 - 290 )
0.416667 0.583333 0.273437 
0.375000 0.583333 0.123047 
0.416667 0.541667 0.253906 
0.416667 0.583333 0.273437 


## elt 493 ( somms 293 - 67 - 295 )
0.375000 0.583333 0.123047 
0.333333 0.583333 0.000000 
0.375000 0.541667 0.114258 
0.375000 0.583333 0.123047 


## elt 494 ( somms 295 - 83 - 290 )
0.375000 0.541667 0.114258 
0.416667 0.500000 0.234375 
0.416667 0.541667 0.253906 
0.375000 0.541667 0.114258 


## elt 495 ( somms 293 - 295 - 290 )
0.375000 0.583333 0.123047 
0.375000 0.541667 0.114258 
0.416667 0.541667 0.253906 
0.375000 0.583333 0.123047 


## elt 496 ( somms 17 - 283 - 278 )
0.500000 0.333333 0.375000 
0.500000 0.375000 0.421875 
0.458333 0.375000 0.290039 
0.500000 0.333333 0.375000 


## elt 497 ( somms 283 - 81 - 296 )
0.500000 0.375000 0.421875 
0.500000 0.416667 0.468750 
0.458333 0.416667 0.322266 
0.500000 0.375000 0.421875 


## elt 498 ( somms 296 - 79 - 278 )
0.458333 0.416667 0.322266 
0.416667 0.416667 0.195312 
0.458333 0.375000 0.290039 
0.458333 0.416667 0.322266 


## elt 499 ( somms 283 - 296 - 278 )
0.500000 0.375000 0.421875 
0.458333 0.416667 0.322266 
0.458333 0.375000 0.290039 
0.500000 0.375000 0.421875 


## elt 500 ( somms 81 - 287 - 297 )
0.500000 0.416667 0.468750 
0.500000 0.458333 0.515625 
0.458333 0.458333 0.354492 
0.500000 0.416667 0.468750 


## elt 501 ( somms 287 - 25 - 291 )
0.500000 0.458333 0.515625 
0.500000 0.500000 0.562500 
0.458333 0.500000 0.386719 
0.500000 0.458333 0.515625 


## elt 502 ( somms 291 - 83 - 297 )
0.458333 0.500000 0.386719 
0.416667 0.500000 0.234375 
0.458333 0.458333 0.354492 
0.458333 0.500000 0.386719 


## elt 503 ( somms 287 - 291 - 297 )
0.500000 0.458333 0.515625 
0.458333 0.500000 0.386719 
0.458333 0.458333 0.354492 
0.500000 0.458333 0.515625 


## elt 504 ( somms 83 - 294 - 298 )
0.416667 0.500000 0.234375 
0.375000 0.500000 0.105469 
0.416667 0.458333 0.214844 
0.416667 0.500000 0.234375 


## elt 505 ( somms 294 - 22 - 280 )
0.375000 0.500000 0.105469 
0.333333 0.500000 0.000000 
0.375000 0.458333 0.096680 
0.375000 0.500000 0.105469 


## elt 506 ( somms 280 - 79 - 298 )
0.375000 0.458333 0.096680 
0.416667 0.416667 0.195312 
0.416667 0.458333 0.214844 
0.375000 0.458333 0.096680 


## elt 507 ( somms 294 - 280 - 298 )
0.375000 0.500000 0.105469 
0.375000 0.458333 0.096680 
0.416667 0.458333 0.214844 
0.375000 0.500000 0.105469 


## elt 508 ( somms 81 - 297 - 296 )
0.500000 0.416667 0.468750 
0.458333 0.458333 0.354492 
0.458333 0.416667 0.322266 
0.500000 0.416667 0.468750 


## elt 509 ( somms 297 - 83 - 298 )
0.458333 0.458333 0.354492 
0.416667 0.500000 0.234375 
0.416667 0.458333 0.214844 
0.458333 0.458333 0.354492 


## elt 510 ( somms 298 - 79 - 296 )
0.416667 0.458333 0.214844 
0.416667 0.416667 0.195312 
0.458333 0.416667 0.322266 
0.416667 0.458333 0.214844 


## elt 511 ( somms 297 - 298 - 296 )
0.458333 0.458333 0.354492 
0.416667 0.458333 0.214844 
0.458333 0.416667 0.322266 
0.458333 0.458333 0.354492 


## elt 512 ( somms 8 - 237 - 300 )
0.000000 0.666667 0.000000 
0.041667 0.666667 -0.109375 
0.000000 0.708333 0.000000 
0.000000 0.666667 0.000000 


## elt 513 ( somms 237 - 68 - 299 )
0.041667 0.666667 -0.109375 
0.083333 0.666667 -0.187500 
0.041667 0.708333 -0.116211 
0.041667 0.666667 -0.109375 


## elt 514 ( somms 299 - 85 - 300 )
0.041667 0.708333 -0.116211 
0.000000 0.750000 0.000000 
0.000000 0.708333 0.000000 
0.041667 0.708333 -0.116211 


## elt 515 ( somms 237 - 299 - 300 )
0.041667 0.666667 -0.109375 
0.041667 0.708333 -0.116211 
0.000000 0.708333 0.000000 
0.041667 0.666667 -0.109375 


## elt 516 ( somms 68 - 234 - 302 )
0.083333 0.666667 -0.187500 
0.125000 0.666667 -0.234375 
0.083333 0.708333 -0.199219 
0.083333 0.666667 -0.187500 


## elt 517 ( somms 234 - 21 - 301 )
0.125000 0.666667 -0.234375 
0.166667 0.666667 -0.250000 
0.125000 0.708333 -0.249023 
0.125000 0.666667 -0.234375 


## elt 518 ( somms 301 - 84 - 302 )
0.125000 0.708333 -0.249023 
0.083333 0.750000 -0.210938 
0.083333 0.708333 -0.199219 
0.125000 0.708333 -0.249023 


## elt 519 ( somms 234 - 301 - 302 )
0.125000 0.666667 -0.234375 
0.125000 0.708333 -0.249023 
0.083333 0.708333 -0.199219 
0.125000 0.666667 -0.234375 


## elt 520 ( somms 84 - 303 - 305 )
0.083333 0.750000 -0.210938 
0.041667 0.791667 -0.129883 
0.041667 0.750000 -0.123047 
0.083333 0.750000 -0.210938 


## elt 521 ( somms 303 - 27 - 304 )
0.041667 0.791667 -0.129883 
0.000000 0.833333 0.000000 
0.000000 0.791667 0.000000 
0.041667 0.791667 -0.129883 


## elt 522 ( somms 304 - 85 - 305 )
0.000000 0.791667 0.000000 
0.000000 0.750000 0.000000 
0.041667 0.750000 -0.123047 
0.000000 0.791667 0.000000 


## elt 523 ( somms 303 - 304 - 305 )
0.041667 0.791667 -0.129883 
0.000000 0.791667 0.000000 
0.041667 0.750000 -0.123047 
0.041667 0.791667 -0.129883 


## elt 524 ( somms 68 - 302 - 299 )
0.083333 0.666667 -0.187500 
0.083333 0.708333 -0.199219 
0.041667 0.708333 -0.116211 
0.083333 0.666667 -0.187500 


## elt 525 ( somms 302 - 84 - 305 )
0.083333 0.708333 -0.199219 
0.083333 0.750000 -0.210938 
0.041667 0.750000 -0.123047 
0.083333 0.708333 -0.199219 


## elt 526 ( somms 305 - 85 - 299 )
0.041667 0.750000 -0.123047 
0.000000 0.750000 0.000000 
0.041667 0.708333 -0.116211 
0.041667 0.750000 -0.123047 


## elt 527 ( somms 302 - 305 - 299 )
0.083333 0.708333 -0.199219 
0.041667 0.750000 -0.123047 
0.041667 0.708333 -0.116211 
0.083333 0.708333 -0.199219 


## elt 528 ( somms 21 - 228 - 307 )
0.166667 0.666667 -0.250000 
0.208333 0.666667 -0.234375 
0.166667 0.708333 -0.265625 
0.166667 0.666667 -0.250000 


## elt 529 ( somms 228 - 65 - 306 )
0.208333 0.666667 -0.234375 
0.250000 0.666667 -0.187500 
0.208333 0.708333 -0.249023 
0.208333 0.666667 -0.234375 


## elt 530 ( somms 306 - 87 - 307 )
0.208333 0.708333 -0.249023 
0.166667 0.750000 -0.281250 
0.166667 0.708333 -0.265625 
0.208333 0.708333 -0.249023 


## elt 531 ( somms 228 - 306 - 307 )
0.208333 0.666667 -0.234375 
0.208333 0.708333 -0.249023 
0.166667 0.708333 -0.265625 
0.208333 0.666667 -0.234375 


## elt 532 ( somms 65 - 225 - 309 )
0.250000 0.666667 -0.187500 
0.291667 0.666667 -0.109375 
0.250000 0.708333 -0.199219 
0.250000 0.666667 -0.187500 


## elt 533 ( somms 225 - 6 - 308 )
0.291667 0.666667 -0.109375 
0.333333 0.666667 0.000000 
0.291667 0.708333 -0.116211 
0.291667 0.666667 -0.109375 


## elt 534 ( somms 308 - 86 - 309 )
0.291667 0.708333 -0.116211 
0.250000 0.750000 -0.210938 
0.250000 0.708333 -0.199219 
0.291667 0.708333 -0.116211 


## elt 535 ( somms 225 - 308 - 309 )
0.291667 0.666667 -0.109375 
0.291667 0.708333 -0.116211 
0.250000 0.708333 -0.199219 
0.291667 0.666667 -0.109375 


## elt 536 ( somms 86 - 310 - 312 )
0.250000 0.750000 -0.210938 
0.208333 0.791667 -0.278320 
0.208333 0.750000 -0.263672 
0.250000 0.750000 -0.210938 


## elt 537 ( somms 310 - 26 - 311 )
0.208333 0.791667 -0.278320 
0.166667 0.833333 -0.312500 
0.166667 0.791667 -0.296875 
0.208333 0.791667 -0.278320 


## elt 538 ( somms 311 - 87 - 312 )
0.166667 0.791667 -0.296875 
0.166667 0.750000 -0.281250 
0.208333 0.750000 -0.263672 
0.166667 0.791667 -0.296875 


## elt 539 ( somms 310 - 311 - 312 )
0.208333 0.791667 -0.278320 
0.166667 0.791667 -0.296875 
0.208333 0.750000 -0.263672 
0.208333 0.791667 -0.278320 


## elt 540 ( somms 65 - 309 - 306 )
0.250000 0.666667 -0.187500 
0.250000 0.708333 -0.199219 
0.208333 0.708333 -0.249023 
0.250000 0.666667 -0.187500 


## elt 541 ( somms 309 - 86 - 312 )
0.250000 0.708333 -0.199219 
0.250000 0.750000 -0.210938 
0.208333 0.750000 -0.263672 
0.250000 0.708333 -0.199219 


## elt 542 ( somms 312 - 87 - 306 )
0.208333 0.750000 -0.263672 
0.166667 0.750000 -0.281250 
0.208333 0.708333 -0.249023 
0.208333 0.750000 -0.263672 


## elt 543 ( somms 309 - 312 - 306 )
0.250000 0.708333 -0.199219 
0.208333 0.750000 -0.263672 
0.208333 0.708333 -0.249023 
0.250000 0.708333 -0.199219 


## elt 544 ( somms 26 - 313 - 315 )
0.166667 0.833333 -0.312500 
0.125000 0.875000 -0.307617 
0.125000 0.833333 -0.292969 
0.166667 0.833333 -0.312500 


## elt 545 ( somms 313 - 88 - 314 )
0.125000 0.875000 -0.307617 
0.083333 0.916667 -0.257812 
0.083333 0.875000 -0.246094 
0.125000 0.875000 -0.307617 


## elt 546 ( somms 314 - 90 - 315 )
0.083333 0.875000 -0.246094 
0.083333 0.833333 -0.234375 
0.125000 0.833333 -0.292969 
0.083333 0.875000 -0.246094 


## elt 547 ( somms 313 - 314 - 315 )
0.125000 0.875000 -0.307617 
0.083333 0.875000 -0.246094 
0.125000 0.833333 -0.292969 
0.125000 0.875000 -0.307617 


## elt 548 ( somms 88 - 316 - 318 )
0.083333 0.916667 -0.257812 
0.041667 0.958333 -0.157227 
0.041667 0.916667 -0.150391 
0.083333 0.916667 -0.257812 


## elt 549 ( somms 316 - 2 - 317 )
0.041667 0.958333 -0.157227 
0.000000 1.000000 0.000000 
0.000000 0.958333 0.000000 
0.041667 0.958333 -0.157227 


## elt 550 ( somms 317 - 89 - 318 )
0.000000 0.958333 0.000000 
0.000000 0.916667 0.000000 
0.041667 0.916667 -0.150391 
0.000000 0.958333 0.000000 


## elt 551 ( somms 316 - 317 - 318 )
0.041667 0.958333 -0.157227 
0.000000 0.958333 0.000000 
0.041667 0.916667 -0.150391 
0.041667 0.958333 -0.157227 


## elt 552 ( somms 89 - 319 - 321 )
0.000000 0.916667 0.000000 
0.000000 0.875000 0.000000 
0.041667 0.875000 -0.143555 
0.000000 0.916667 0.000000 


## elt 553 ( somms 319 - 27 - 320 )
0.000000 0.875000 0.000000 
0.000000 0.833333 0.000000 
0.041667 0.833333 -0.136719 
0.000000 0.875000 0.000000 


## elt 554 ( somms 320 - 90 - 321 )
0.041667 0.833333 -0.136719 
0.083333 0.833333 -0.234375 
0.041667 0.875000 -0.143555 
0.041667 0.833333 -0.136719 


## elt 555 ( somms 319 - 320 - 321 )
0.000000 0.875000 0.000000 
0.041667 0.833333 -0.136719 
0.041667 0.875000 -0.143555 
0.000000 0.875000 0.000000 


## elt 556 ( somms 88 - 318 - 314 )
0.083333 0.916667 -0.257812 
0.041667 0.916667 -0.150391 
0.083333 0.875000 -0.246094 
0.083333 0.916667 -0.257812 


## elt 557 ( somms 318 - 89 - 321 )
0.041667 0.916667 -0.150391 
0.000000 0.916667 0.000000 
0.041667 0.875000 -0.143555 
0.041667 0.916667 -0.150391 


## elt 558 ( somms 321 - 90 - 314 )
0.041667 0.875000 -0.143555 
0.083333 0.833333 -0.234375 
0.083333 0.875000 -0.246094 
0.041667 0.875000 -0.143555 


## elt 559 ( somms 318 - 321 - 314 )
0.041667 0.916667 -0.150391 
0.041667 0.875000 -0.143555 
0.083333 0.875000 -0.246094 
0.041667 0.916667 -0.150391 


## elt 560 ( somms 21 - 307 - 301 )
0.166667 0.666667 -0.250000 
0.166667 0.708333 -0.265625 
0.125000 0.708333 -0.249023 
0.166667 0.666667 -0.250000 


## elt 561 ( somms 307 - 87 - 322 )
0.166667 0.708333 -0.265625 
0.166667 0.750000 -0.281250 
0.125000 0.750000 -0.263672 
0.166667 0.708333 -0.265625 


## elt 562 ( somms 322 - 84 - 301 )
0.125000 0.750000 -0.263672 
0.083333 0.750000 -0.210938 
0.125000 0.708333 -0.249023 
0.125000 0.750000 -0.263672 


## elt 563 ( somms 307 - 322 - 301 )
0.166667 0.708333 -0.265625 
0.125000 0.750000 -0.263672 
0.125000 0.708333 -0.249023 
0.166667 0.708333 -0.265625 


## elt 564 ( somms 87 - 311 - 323 )
0.166667 0.750000 -0.281250 
0.166667 0.791667 -0.296875 
0.125000 0.791667 -0.278320 
0.166667 0.750000 -0.281250 


## elt 565 ( somms 311 - 26 - 315 )
0.166667 0.791667 -0.296875 
0.166667 0.833333 -0.312500 
0.125000 0.833333 -0.292969 
0.166667 0.791667 -0.296875 


## elt 566 ( somms 315 - 90 - 323 )
0.125000 0.833333 -0.292969 
0.083333 0.833333 -0.234375 
0.125000 0.791667 -0.278320 
0.125000 0.833333 -0.292969 


## elt 567 ( somms 311 - 315 - 323 )
0.166667 0.791667 -0.296875 
0.125000 0.833333 -0.292969 
0.125000 0.791667 -0.278320 
0.166667 0.791667 -0.296875 


## elt 568 ( somms 90 - 320 - 324 )
0.083333 0.833333 -0.234375 
0.041667 0.833333 -0.136719 
0.083333 0.791667 -0.222656 
0.083333 0.833333 -0.234375 


## elt 569 ( somms 320 - 27 - 303 )
0.041667 0.833333 -0.136719 
0.000000 0.833333 0.000000 
0.041667 0.791667 -0.129883 
0.041667 0.833333 -0.136719 


## elt 570 ( somms 303 - 84 - 324 )
0.041667 0.791667 -0.129883 
0.083333 0.750000 -0.210938 
0.083333 0.791667 -0.222656 
0.041667 0.791667 -0.129883 


## elt 571 ( somms 320 - 303 - 324 )
0.041667 0.833333 -0.136719 
0.041667 0.791667 -0.129883 
0.083333 0.791667 -0.222656 
0.041667 0.833333 -0.136719 


## elt 572 ( somms 87 - 323 - 322 )
0.166667 0.750000 -0.281250 
0.125000 0.791667 -0.278320 
0.125000 0.750000 -0.263672 
0.166667 0.750000 -0.281250 


## elt 573 ( somms 323 - 90 - 324 )
0.125000 0.791667 -0.278320 
0.083333 0.833333 -0.234375 
0.083333 0.791667 -0.222656 
0.125000 0.791667 -0.278320 


## elt 574 ( somms 324 - 84 - 322 )
0.083333 0.791667 -0.222656 
0.083333 0.750000 -0.210938 
0.125000 0.750000 -0.263672 
0.083333 0.791667 -0.222656 


## elt 575 ( somms 323 - 324 - 322 )
0.125000 0.791667 -0.278320 
0.083333 0.791667 -0.222656 
0.125000 0.750000 -0.263672 
0.125000 0.791667 -0.278320 


