## tetrahedra 000000000 ( somm 36 38 39 12)
0.000000 0.000000 0.375000 
0.000000 0.125000 0.375000 
0.125000 0.000000 0.375000 
0.000000 0.000000 0.250000 
0.000000 0.000000 0.375000 
0.125000 0.000000 0.375000 
0.000000 0.125000 0.375000 
0.000000 0.000000 0.250000 


## tetrahedra 000000001 ( somm 36 39 38 6)
0.000000 0.000000 0.375000 
0.125000 0.000000 0.375000 
0.000000 0.125000 0.375000 
0.000000 0.000000 0.500000 
0.000000 0.000000 0.375000 
0.000000 0.125000 0.375000 
0.125000 0.000000 0.375000 
0.000000 0.000000 0.500000 


## tetrahedra 000000002 ( somm 34 14 37 39)
0.125000 0.000000 0.250000 
0.250000 0.000000 0.250000 
0.125000 0.125000 0.250000 
0.125000 0.000000 0.375000 
0.125000 0.000000 0.250000 
0.125000 0.125000 0.250000 
0.250000 0.000000 0.250000 
0.125000 0.000000 0.375000 


## tetrahedra 000000003 ( somm 34 37 12 39)
0.125000 0.000000 0.250000 
0.125000 0.125000 0.250000 
0.000000 0.000000 0.250000 
0.125000 0.000000 0.375000 
0.125000 0.000000 0.250000 
0.000000 0.000000 0.250000 
0.125000 0.125000 0.250000 
0.125000 0.000000 0.375000 


## tetrahedra 000000004 ( somm 35 12 37 38)
0.000000 0.125000 0.250000 
0.000000 0.000000 0.250000 
0.125000 0.125000 0.250000 
0.000000 0.125000 0.375000 
0.000000 0.125000 0.250000 
0.125000 0.125000 0.250000 
0.000000 0.000000 0.250000 
0.000000 0.125000 0.375000 


## tetrahedra 000000005 ( somm 35 37 15 38)
0.000000 0.125000 0.250000 
0.125000 0.125000 0.250000 
0.000000 0.250000 0.250000 
0.000000 0.125000 0.375000 
0.000000 0.125000 0.250000 
0.000000 0.250000 0.250000 
0.125000 0.125000 0.250000 
0.000000 0.125000 0.375000 


## tetrahedra 000000006 ( somm 12 39 37 38)
0.000000 0.000000 0.250000 
0.125000 0.000000 0.375000 
0.125000 0.125000 0.250000 
0.000000 0.125000 0.375000 
0.000000 0.000000 0.250000 
0.125000 0.125000 0.250000 
0.125000 0.000000 0.375000 
0.000000 0.125000 0.375000 


## tetrahedra 000000007 ( somm 40 41 42 12)
0.000000 0.000000 0.125000 
0.125000 0.000000 0.125000 
0.000000 0.125000 0.125000 
0.000000 0.000000 0.250000 
0.000000 0.000000 0.125000 
0.000000 0.125000 0.125000 
0.125000 0.000000 0.125000 
0.000000 0.000000 0.250000 


## tetrahedra 000000008 ( somm 40 42 41 0)
0.000000 0.000000 0.125000 
0.000000 0.125000 0.125000 
0.125000 0.000000 0.125000 
0.000000 0.000000 0.000000 
0.000000 0.000000 0.125000 
0.125000 0.000000 0.125000 
0.000000 0.125000 0.125000 
0.000000 0.000000 0.000000 


## tetrahedra 000000009 ( somm 35 15 37 42)
0.000000 0.125000 0.250000 
0.000000 0.250000 0.250000 
0.125000 0.125000 0.250000 
0.000000 0.125000 0.125000 
0.000000 0.125000 0.250000 
0.125000 0.125000 0.250000 
0.000000 0.250000 0.250000 
0.000000 0.125000 0.125000 


## tetrahedra 000000010 ( somm 35 37 12 42)
0.000000 0.125000 0.250000 
0.125000 0.125000 0.250000 
0.000000 0.000000 0.250000 
0.000000 0.125000 0.125000 
0.000000 0.125000 0.250000 
0.000000 0.000000 0.250000 
0.125000 0.125000 0.250000 
0.000000 0.125000 0.125000 


## tetrahedra 000000011 ( somm 34 12 37 41)
0.125000 0.000000 0.250000 
0.000000 0.000000 0.250000 
0.125000 0.125000 0.250000 
0.125000 0.000000 0.125000 
0.125000 0.000000 0.250000 
0.125000 0.125000 0.250000 
0.000000 0.000000 0.250000 
0.125000 0.000000 0.125000 


## tetrahedra 000000012 ( somm 34 37 14 41)
0.125000 0.000000 0.250000 
0.125000 0.125000 0.250000 
0.250000 0.000000 0.250000 
0.125000 0.000000 0.125000 
0.125000 0.000000 0.250000 
0.250000 0.000000 0.250000 
0.125000 0.125000 0.250000 
0.125000 0.000000 0.125000 


## tetrahedra 000000013 ( somm 12 42 37 41)
0.000000 0.000000 0.250000 
0.000000 0.125000 0.125000 
0.125000 0.125000 0.250000 
0.125000 0.000000 0.125000 
0.000000 0.000000 0.250000 
0.125000 0.125000 0.250000 
0.000000 0.125000 0.125000 
0.125000 0.000000 0.125000 


## tetrahedra 000000014 ( somm 45 47 48 10)
0.000000 0.250000 0.375000 
0.125000 0.250000 0.375000 
0.000000 0.375000 0.375000 
0.000000 0.250000 0.500000 
0.000000 0.250000 0.375000 
0.000000 0.375000 0.375000 
0.125000 0.250000 0.375000 
0.000000 0.250000 0.500000 


## tetrahedra 000000015 ( somm 45 48 47 15)
0.000000 0.250000 0.375000 
0.000000 0.375000 0.375000 
0.125000 0.250000 0.375000 
0.000000 0.250000 0.250000 
0.000000 0.250000 0.375000 
0.125000 0.250000 0.375000 
0.000000 0.375000 0.375000 
0.000000 0.250000 0.250000 


## tetrahedra 000000016 ( somm 43 8 46 48)
0.000000 0.375000 0.500000 
0.000000 0.500000 0.500000 
0.125000 0.375000 0.500000 
0.000000 0.375000 0.375000 
0.000000 0.375000 0.500000 
0.125000 0.375000 0.500000 
0.000000 0.500000 0.500000 
0.000000 0.375000 0.375000 


## tetrahedra 000000017 ( somm 43 46 10 48)
0.000000 0.375000 0.500000 
0.125000 0.375000 0.500000 
0.000000 0.250000 0.500000 
0.000000 0.375000 0.375000 
0.000000 0.375000 0.500000 
0.000000 0.250000 0.500000 
0.125000 0.375000 0.500000 
0.000000 0.375000 0.375000 


## tetrahedra 000000018 ( somm 44 10 46 47)
0.125000 0.250000 0.500000 
0.000000 0.250000 0.500000 
0.125000 0.375000 0.500000 
0.125000 0.250000 0.375000 
0.125000 0.250000 0.500000 
0.125000 0.375000 0.500000 
0.000000 0.250000 0.500000 
0.125000 0.250000 0.375000 


## tetrahedra 000000019 ( somm 44 46 13 47)
0.125000 0.250000 0.500000 
0.125000 0.375000 0.500000 
0.250000 0.250000 0.500000 
0.125000 0.250000 0.375000 
0.125000 0.250000 0.500000 
0.250000 0.250000 0.500000 
0.125000 0.375000 0.500000 
0.125000 0.250000 0.375000 


## tetrahedra 000000020 ( somm 10 48 46 47)
0.000000 0.250000 0.500000 
0.000000 0.375000 0.375000 
0.125000 0.375000 0.500000 
0.125000 0.250000 0.375000 
0.000000 0.250000 0.500000 
0.125000 0.375000 0.500000 
0.000000 0.375000 0.375000 
0.125000 0.250000 0.375000 


## tetrahedra 000000021 ( somm 45 38 47 10)
0.000000 0.250000 0.375000 
0.000000 0.125000 0.375000 
0.125000 0.250000 0.375000 
0.000000 0.250000 0.500000 
0.000000 0.250000 0.375000 
0.125000 0.250000 0.375000 
0.000000 0.125000 0.375000 
0.000000 0.250000 0.500000 


## tetrahedra 000000022 ( somm 45 47 38 15)
0.000000 0.250000 0.375000 
0.125000 0.250000 0.375000 
0.000000 0.125000 0.375000 
0.000000 0.250000 0.250000 
0.000000 0.250000 0.375000 
0.000000 0.125000 0.375000 
0.125000 0.250000 0.375000 
0.000000 0.250000 0.250000 


## tetrahedra 000000023 ( somm 44 13 50 47)
0.125000 0.250000 0.500000 
0.250000 0.250000 0.500000 
0.125000 0.125000 0.500000 
0.125000 0.250000 0.375000 
0.125000 0.250000 0.500000 
0.125000 0.125000 0.500000 
0.250000 0.250000 0.500000 
0.125000 0.250000 0.375000 


## tetrahedra 000000024 ( somm 44 50 10 47)
0.125000 0.250000 0.500000 
0.125000 0.125000 0.500000 
0.000000 0.250000 0.500000 
0.125000 0.250000 0.375000 
0.125000 0.250000 0.500000 
0.000000 0.250000 0.500000 
0.125000 0.125000 0.500000 
0.125000 0.250000 0.375000 


## tetrahedra 000000025 ( somm 49 10 50 38)
0.000000 0.125000 0.500000 
0.000000 0.250000 0.500000 
0.125000 0.125000 0.500000 
0.000000 0.125000 0.375000 
0.000000 0.125000 0.500000 
0.125000 0.125000 0.500000 
0.000000 0.250000 0.500000 
0.000000 0.125000 0.375000 


## tetrahedra 000000026 ( somm 49 50 6 38)
0.000000 0.125000 0.500000 
0.125000 0.125000 0.500000 
0.000000 0.000000 0.500000 
0.000000 0.125000 0.375000 
0.000000 0.125000 0.500000 
0.000000 0.000000 0.500000 
0.125000 0.125000 0.500000 
0.000000 0.125000 0.375000 


## tetrahedra 000000027 ( somm 10 47 50 38)
0.000000 0.250000 0.500000 
0.125000 0.250000 0.375000 
0.125000 0.125000 0.500000 
0.000000 0.125000 0.375000 
0.000000 0.250000 0.500000 
0.125000 0.125000 0.500000 
0.125000 0.250000 0.375000 
0.000000 0.125000 0.375000 


## tetrahedra 000000028 ( somm 53 54 39 11)
0.250000 0.000000 0.375000 
0.250000 0.125000 0.375000 
0.125000 0.000000 0.375000 
0.250000 0.000000 0.500000 
0.250000 0.000000 0.375000 
0.125000 0.000000 0.375000 
0.250000 0.125000 0.375000 
0.250000 0.000000 0.500000 


## tetrahedra 000000029 ( somm 53 39 54 14)
0.250000 0.000000 0.375000 
0.125000 0.000000 0.375000 
0.250000 0.125000 0.375000 
0.250000 0.000000 0.250000 
0.250000 0.000000 0.375000 
0.250000 0.125000 0.375000 
0.125000 0.000000 0.375000 
0.250000 0.000000 0.250000 


## tetrahedra 000000030 ( somm 51 6 50 39)
0.125000 0.000000 0.500000 
0.000000 0.000000 0.500000 
0.125000 0.125000 0.500000 
0.125000 0.000000 0.375000 
0.125000 0.000000 0.500000 
0.125000 0.125000 0.500000 
0.000000 0.000000 0.500000 
0.125000 0.000000 0.375000 


## tetrahedra 000000031 ( somm 51 50 11 39)
0.125000 0.000000 0.500000 
0.125000 0.125000 0.500000 
0.250000 0.000000 0.500000 
0.125000 0.000000 0.375000 
0.125000 0.000000 0.500000 
0.250000 0.000000 0.500000 
0.125000 0.125000 0.500000 
0.125000 0.000000 0.375000 


## tetrahedra 000000032 ( somm 52 11 50 54)
0.250000 0.125000 0.500000 
0.250000 0.000000 0.500000 
0.125000 0.125000 0.500000 
0.250000 0.125000 0.375000 
0.250000 0.125000 0.500000 
0.125000 0.125000 0.500000 
0.250000 0.000000 0.500000 
0.250000 0.125000 0.375000 


## tetrahedra 000000033 ( somm 52 50 13 54)
0.250000 0.125000 0.500000 
0.125000 0.125000 0.500000 
0.250000 0.250000 0.500000 
0.250000 0.125000 0.375000 
0.250000 0.125000 0.500000 
0.250000 0.250000 0.500000 
0.125000 0.125000 0.500000 
0.250000 0.125000 0.375000 


## tetrahedra 000000034 ( somm 11 39 50 54)
0.250000 0.000000 0.500000 
0.125000 0.000000 0.375000 
0.125000 0.125000 0.500000 
0.250000 0.125000 0.375000 
0.250000 0.000000 0.500000 
0.125000 0.125000 0.500000 
0.125000 0.000000 0.375000 
0.250000 0.125000 0.375000 


## tetrahedra 000000035 ( somm 53 57 54 11)
0.250000 0.000000 0.375000 
0.375000 0.000000 0.375000 
0.250000 0.125000 0.375000 
0.250000 0.000000 0.500000 
0.250000 0.000000 0.375000 
0.250000 0.125000 0.375000 
0.375000 0.000000 0.375000 
0.250000 0.000000 0.500000 


## tetrahedra 000000036 ( somm 53 54 57 14)
0.250000 0.000000 0.375000 
0.250000 0.125000 0.375000 
0.375000 0.000000 0.375000 
0.250000 0.000000 0.250000 
0.250000 0.000000 0.375000 
0.375000 0.000000 0.375000 
0.250000 0.125000 0.375000 
0.250000 0.000000 0.250000 


## tetrahedra 000000037 ( somm 52 13 56 54)
0.250000 0.125000 0.500000 
0.250000 0.250000 0.500000 
0.375000 0.125000 0.500000 
0.250000 0.125000 0.375000 
0.250000 0.125000 0.500000 
0.375000 0.125000 0.500000 
0.250000 0.250000 0.500000 
0.250000 0.125000 0.375000 


## tetrahedra 000000038 ( somm 52 56 11 54)
0.250000 0.125000 0.500000 
0.375000 0.125000 0.500000 
0.250000 0.000000 0.500000 
0.250000 0.125000 0.375000 
0.250000 0.125000 0.500000 
0.250000 0.000000 0.500000 
0.375000 0.125000 0.500000 
0.250000 0.125000 0.375000 


## tetrahedra 000000039 ( somm 55 11 56 57)
0.375000 0.000000 0.500000 
0.250000 0.000000 0.500000 
0.375000 0.125000 0.500000 
0.375000 0.000000 0.375000 
0.375000 0.000000 0.500000 
0.375000 0.125000 0.500000 
0.250000 0.000000 0.500000 
0.375000 0.000000 0.375000 


## tetrahedra 000000040 ( somm 55 56 9 57)
0.375000 0.000000 0.500000 
0.375000 0.125000 0.500000 
0.500000 0.000000 0.500000 
0.375000 0.000000 0.375000 
0.375000 0.000000 0.500000 
0.500000 0.000000 0.500000 
0.375000 0.125000 0.500000 
0.375000 0.000000 0.375000 


## tetrahedra 000000041 ( somm 11 54 56 57)
0.250000 0.000000 0.500000 
0.250000 0.125000 0.375000 
0.375000 0.125000 0.500000 
0.375000 0.000000 0.375000 
0.250000 0.000000 0.500000 
0.375000 0.125000 0.500000 
0.250000 0.125000 0.375000 
0.375000 0.000000 0.375000 


## tetrahedra 000000042 ( somm 39 54 37 6)
0.125000 0.000000 0.375000 
0.250000 0.125000 0.375000 
0.125000 0.125000 0.250000 
0.000000 0.000000 0.500000 
0.125000 0.000000 0.375000 
0.125000 0.125000 0.250000 
0.250000 0.125000 0.375000 
0.000000 0.000000 0.500000 


## tetrahedra 000000043 ( somm 39 37 54 14)
0.125000 0.000000 0.375000 
0.125000 0.125000 0.250000 
0.250000 0.125000 0.375000 
0.250000 0.000000 0.250000 
0.125000 0.000000 0.375000 
0.250000 0.125000 0.375000 
0.125000 0.125000 0.250000 
0.250000 0.000000 0.250000 


## tetrahedra 000000044 ( somm 38 15 47 37)
0.000000 0.125000 0.375000 
0.000000 0.250000 0.250000 
0.125000 0.250000 0.375000 
0.125000 0.125000 0.250000 
0.000000 0.125000 0.375000 
0.125000 0.250000 0.375000 
0.000000 0.250000 0.250000 
0.125000 0.125000 0.250000 


## tetrahedra 000000045 ( somm 38 47 6 37)
0.000000 0.125000 0.375000 
0.125000 0.250000 0.375000 
0.000000 0.000000 0.500000 
0.125000 0.125000 0.250000 
0.000000 0.125000 0.375000 
0.000000 0.000000 0.500000 
0.125000 0.250000 0.375000 
0.125000 0.125000 0.250000 


## tetrahedra 000000046 ( somm 50 6 47 54)
0.125000 0.125000 0.500000 
0.000000 0.000000 0.500000 
0.125000 0.250000 0.375000 
0.250000 0.125000 0.375000 
0.125000 0.125000 0.500000 
0.125000 0.250000 0.375000 
0.000000 0.000000 0.500000 
0.250000 0.125000 0.375000 


## tetrahedra 000000047 ( somm 50 47 13 54)
0.125000 0.125000 0.500000 
0.125000 0.250000 0.375000 
0.250000 0.250000 0.500000 
0.250000 0.125000 0.375000 
0.125000 0.125000 0.500000 
0.250000 0.250000 0.500000 
0.125000 0.250000 0.375000 
0.250000 0.125000 0.375000 


## tetrahedra 000000048 ( somm 6 37 47 54)
0.000000 0.000000 0.500000 
0.125000 0.125000 0.250000 
0.125000 0.250000 0.375000 
0.250000 0.125000 0.375000 
0.000000 0.000000 0.500000 
0.125000 0.250000 0.375000 
0.125000 0.125000 0.250000 
0.250000 0.125000 0.375000 


## tetrahedra 000000049 ( somm 60 62 63 16)
0.000000 0.000000 0.625000 
0.125000 0.000000 0.625000 
0.000000 0.125000 0.625000 
0.000000 0.000000 0.750000 
0.000000 0.000000 0.625000 
0.000000 0.125000 0.625000 
0.125000 0.000000 0.625000 
0.000000 0.000000 0.750000 


## tetrahedra 000000050 ( somm 60 63 62 6)
0.000000 0.000000 0.625000 
0.000000 0.125000 0.625000 
0.125000 0.000000 0.625000 
0.000000 0.000000 0.500000 
0.000000 0.000000 0.625000 
0.125000 0.000000 0.625000 
0.000000 0.125000 0.625000 
0.000000 0.000000 0.500000 


## tetrahedra 000000051 ( somm 58 17 61 63)
0.000000 0.125000 0.750000 
0.000000 0.250000 0.750000 
0.125000 0.125000 0.750000 
0.000000 0.125000 0.625000 
0.000000 0.125000 0.750000 
0.125000 0.125000 0.750000 
0.000000 0.250000 0.750000 
0.000000 0.125000 0.625000 


## tetrahedra 000000052 ( somm 58 61 16 63)
0.000000 0.125000 0.750000 
0.125000 0.125000 0.750000 
0.000000 0.000000 0.750000 
0.000000 0.125000 0.625000 
0.000000 0.125000 0.750000 
0.000000 0.000000 0.750000 
0.125000 0.125000 0.750000 
0.000000 0.125000 0.625000 


## tetrahedra 000000053 ( somm 59 16 61 62)
0.125000 0.000000 0.750000 
0.000000 0.000000 0.750000 
0.125000 0.125000 0.750000 
0.125000 0.000000 0.625000 
0.125000 0.000000 0.750000 
0.125000 0.125000 0.750000 
0.000000 0.000000 0.750000 
0.125000 0.000000 0.625000 


## tetrahedra 000000054 ( somm 59 61 18 62)
0.125000 0.000000 0.750000 
0.125000 0.125000 0.750000 
0.250000 0.000000 0.750000 
0.125000 0.000000 0.625000 
0.125000 0.000000 0.750000 
0.250000 0.000000 0.750000 
0.125000 0.125000 0.750000 
0.125000 0.000000 0.625000 


## tetrahedra 000000055 ( somm 16 63 61 62)
0.000000 0.000000 0.750000 
0.000000 0.125000 0.625000 
0.125000 0.125000 0.750000 
0.125000 0.000000 0.625000 
0.000000 0.000000 0.750000 
0.125000 0.125000 0.750000 
0.000000 0.125000 0.625000 
0.125000 0.000000 0.625000 


## tetrahedra 000000056 ( somm 64 65 66 16)
0.000000 0.000000 0.875000 
0.000000 0.125000 0.875000 
0.125000 0.000000 0.875000 
0.000000 0.000000 0.750000 
0.000000 0.000000 0.875000 
0.125000 0.000000 0.875000 
0.000000 0.125000 0.875000 
0.000000 0.000000 0.750000 


## tetrahedra 000000057 ( somm 64 66 65 3)
0.000000 0.000000 0.875000 
0.125000 0.000000 0.875000 
0.000000 0.125000 0.875000 
0.000000 0.000000 1.000000 
0.000000 0.000000 0.875000 
0.000000 0.125000 0.875000 
0.125000 0.000000 0.875000 
0.000000 0.000000 1.000000 


## tetrahedra 000000058 ( somm 59 18 61 66)
0.125000 0.000000 0.750000 
0.250000 0.000000 0.750000 
0.125000 0.125000 0.750000 
0.125000 0.000000 0.875000 
0.125000 0.000000 0.750000 
0.125000 0.125000 0.750000 
0.250000 0.000000 0.750000 
0.125000 0.000000 0.875000 


## tetrahedra 000000059 ( somm 59 61 16 66)
0.125000 0.000000 0.750000 
0.125000 0.125000 0.750000 
0.000000 0.000000 0.750000 
0.125000 0.000000 0.875000 
0.125000 0.000000 0.750000 
0.000000 0.000000 0.750000 
0.125000 0.125000 0.750000 
0.125000 0.000000 0.875000 


## tetrahedra 000000060 ( somm 58 16 61 65)
0.000000 0.125000 0.750000 
0.000000 0.000000 0.750000 
0.125000 0.125000 0.750000 
0.000000 0.125000 0.875000 
0.000000 0.125000 0.750000 
0.125000 0.125000 0.750000 
0.000000 0.000000 0.750000 
0.000000 0.125000 0.875000 


## tetrahedra 000000061 ( somm 58 61 17 65)
0.000000 0.125000 0.750000 
0.125000 0.125000 0.750000 
0.000000 0.250000 0.750000 
0.000000 0.125000 0.875000 
0.000000 0.125000 0.750000 
0.000000 0.250000 0.750000 
0.125000 0.125000 0.750000 
0.000000 0.125000 0.875000 


## tetrahedra 000000062 ( somm 16 66 61 65)
0.000000 0.000000 0.750000 
0.125000 0.000000 0.875000 
0.125000 0.125000 0.750000 
0.000000 0.125000 0.875000 
0.000000 0.000000 0.750000 
0.125000 0.125000 0.750000 
0.125000 0.000000 0.875000 
0.000000 0.125000 0.875000 


## tetrahedra 000000063 ( somm 67 68 69 11)
0.250000 0.000000 0.625000 
0.250000 0.125000 0.625000 
0.375000 0.000000 0.625000 
0.250000 0.000000 0.500000 
0.250000 0.000000 0.625000 
0.375000 0.000000 0.625000 
0.250000 0.125000 0.625000 
0.250000 0.000000 0.500000 


## tetrahedra 000000064 ( somm 67 69 68 18)
0.250000 0.000000 0.625000 
0.375000 0.000000 0.625000 
0.250000 0.125000 0.625000 
0.250000 0.000000 0.750000 
0.250000 0.000000 0.625000 
0.250000 0.125000 0.625000 
0.375000 0.000000 0.625000 
0.250000 0.000000 0.750000 


## tetrahedra 000000065 ( somm 55 9 56 69)
0.375000 0.000000 0.500000 
0.500000 0.000000 0.500000 
0.375000 0.125000 0.500000 
0.375000 0.000000 0.625000 
0.375000 0.000000 0.500000 
0.375000 0.125000 0.500000 
0.500000 0.000000 0.500000 
0.375000 0.000000 0.625000 


## tetrahedra 000000066 ( somm 55 56 11 69)
0.375000 0.000000 0.500000 
0.375000 0.125000 0.500000 
0.250000 0.000000 0.500000 
0.375000 0.000000 0.625000 
0.375000 0.000000 0.500000 
0.250000 0.000000 0.500000 
0.375000 0.125000 0.500000 
0.375000 0.000000 0.625000 


## tetrahedra 000000067 ( somm 52 11 56 68)
0.250000 0.125000 0.500000 
0.250000 0.000000 0.500000 
0.375000 0.125000 0.500000 
0.250000 0.125000 0.625000 
0.250000 0.125000 0.500000 
0.375000 0.125000 0.500000 
0.250000 0.000000 0.500000 
0.250000 0.125000 0.625000 


## tetrahedra 000000068 ( somm 52 56 13 68)
0.250000 0.125000 0.500000 
0.375000 0.125000 0.500000 
0.250000 0.250000 0.500000 
0.250000 0.125000 0.625000 
0.250000 0.125000 0.500000 
0.250000 0.250000 0.500000 
0.375000 0.125000 0.500000 
0.250000 0.125000 0.625000 


## tetrahedra 000000069 ( somm 11 69 56 68)
0.250000 0.000000 0.500000 
0.375000 0.000000 0.625000 
0.375000 0.125000 0.500000 
0.250000 0.125000 0.625000 
0.250000 0.000000 0.500000 
0.375000 0.125000 0.500000 
0.375000 0.000000 0.625000 
0.250000 0.125000 0.625000 


## tetrahedra 000000070 ( somm 67 62 68 11)
0.250000 0.000000 0.625000 
0.125000 0.000000 0.625000 
0.250000 0.125000 0.625000 
0.250000 0.000000 0.500000 
0.250000 0.000000 0.625000 
0.250000 0.125000 0.625000 
0.125000 0.000000 0.625000 
0.250000 0.000000 0.500000 


## tetrahedra 000000071 ( somm 67 68 62 18)
0.250000 0.000000 0.625000 
0.250000 0.125000 0.625000 
0.125000 0.000000 0.625000 
0.250000 0.000000 0.750000 
0.250000 0.000000 0.625000 
0.125000 0.000000 0.625000 
0.250000 0.125000 0.625000 
0.250000 0.000000 0.750000 


## tetrahedra 000000072 ( somm 52 13 50 68)
0.250000 0.125000 0.500000 
0.250000 0.250000 0.500000 
0.125000 0.125000 0.500000 
0.250000 0.125000 0.625000 
0.250000 0.125000 0.500000 
0.125000 0.125000 0.500000 
0.250000 0.250000 0.500000 
0.250000 0.125000 0.625000 


## tetrahedra 000000073 ( somm 52 50 11 68)
0.250000 0.125000 0.500000 
0.125000 0.125000 0.500000 
0.250000 0.000000 0.500000 
0.250000 0.125000 0.625000 
0.250000 0.125000 0.500000 
0.250000 0.000000 0.500000 
0.125000 0.125000 0.500000 
0.250000 0.125000 0.625000 


## tetrahedra 000000074 ( somm 51 11 50 62)
0.125000 0.000000 0.500000 
0.250000 0.000000 0.500000 
0.125000 0.125000 0.500000 
0.125000 0.000000 0.625000 
0.125000 0.000000 0.500000 
0.125000 0.125000 0.500000 
0.250000 0.000000 0.500000 
0.125000 0.000000 0.625000 


## tetrahedra 000000075 ( somm 51 50 6 62)
0.125000 0.000000 0.500000 
0.125000 0.125000 0.500000 
0.000000 0.000000 0.500000 
0.125000 0.000000 0.625000 
0.125000 0.000000 0.500000 
0.000000 0.000000 0.500000 
0.125000 0.125000 0.500000 
0.125000 0.000000 0.625000 


## tetrahedra 000000076 ( somm 11 68 50 62)
0.250000 0.000000 0.500000 
0.250000 0.125000 0.625000 
0.125000 0.125000 0.500000 
0.125000 0.000000 0.625000 
0.250000 0.000000 0.500000 
0.125000 0.125000 0.500000 
0.250000 0.125000 0.625000 
0.125000 0.000000 0.625000 


## tetrahedra 000000077 ( somm 70 71 63 10)
0.000000 0.250000 0.625000 
0.125000 0.250000 0.625000 
0.000000 0.125000 0.625000 
0.000000 0.250000 0.500000 
0.000000 0.250000 0.625000 
0.000000 0.125000 0.625000 
0.125000 0.250000 0.625000 
0.000000 0.250000 0.500000 


## tetrahedra 000000078 ( somm 70 63 71 17)
0.000000 0.250000 0.625000 
0.000000 0.125000 0.625000 
0.125000 0.250000 0.625000 
0.000000 0.250000 0.750000 
0.000000 0.250000 0.625000 
0.125000 0.250000 0.625000 
0.000000 0.125000 0.625000 
0.000000 0.250000 0.750000 


## tetrahedra 000000079 ( somm 49 6 50 63)
0.000000 0.125000 0.500000 
0.000000 0.000000 0.500000 
0.125000 0.125000 0.500000 
0.000000 0.125000 0.625000 
0.000000 0.125000 0.500000 
0.125000 0.125000 0.500000 
0.000000 0.000000 0.500000 
0.000000 0.125000 0.625000 


## tetrahedra 000000080 ( somm 49 50 10 63)
0.000000 0.125000 0.500000 
0.125000 0.125000 0.500000 
0.000000 0.250000 0.500000 
0.000000 0.125000 0.625000 
0.000000 0.125000 0.500000 
0.000000 0.250000 0.500000 
0.125000 0.125000 0.500000 
0.000000 0.125000 0.625000 


## tetrahedra 000000081 ( somm 44 10 50 71)
0.125000 0.250000 0.500000 
0.000000 0.250000 0.500000 
0.125000 0.125000 0.500000 
0.125000 0.250000 0.625000 
0.125000 0.250000 0.500000 
0.125000 0.125000 0.500000 
0.000000 0.250000 0.500000 
0.125000 0.250000 0.625000 


## tetrahedra 000000082 ( somm 44 50 13 71)
0.125000 0.250000 0.500000 
0.125000 0.125000 0.500000 
0.250000 0.250000 0.500000 
0.125000 0.250000 0.625000 
0.125000 0.250000 0.500000 
0.250000 0.250000 0.500000 
0.125000 0.125000 0.500000 
0.125000 0.250000 0.625000 


## tetrahedra 000000083 ( somm 10 63 50 71)
0.000000 0.250000 0.500000 
0.000000 0.125000 0.625000 
0.125000 0.125000 0.500000 
0.125000 0.250000 0.625000 
0.000000 0.250000 0.500000 
0.125000 0.125000 0.500000 
0.000000 0.125000 0.625000 
0.125000 0.250000 0.625000 


## tetrahedra 000000084 ( somm 70 72 71 10)
0.000000 0.250000 0.625000 
0.000000 0.375000 0.625000 
0.125000 0.250000 0.625000 
0.000000 0.250000 0.500000 
0.000000 0.250000 0.625000 
0.125000 0.250000 0.625000 
0.000000 0.375000 0.625000 
0.000000 0.250000 0.500000 


## tetrahedra 000000085 ( somm 70 71 72 17)
0.000000 0.250000 0.625000 
0.125000 0.250000 0.625000 
0.000000 0.375000 0.625000 
0.000000 0.250000 0.750000 
0.000000 0.250000 0.625000 
0.000000 0.375000 0.625000 
0.125000 0.250000 0.625000 
0.000000 0.250000 0.750000 


## tetrahedra 000000086 ( somm 44 13 46 71)
0.125000 0.250000 0.500000 
0.250000 0.250000 0.500000 
0.125000 0.375000 0.500000 
0.125000 0.250000 0.625000 
0.125000 0.250000 0.500000 
0.125000 0.375000 0.500000 
0.250000 0.250000 0.500000 
0.125000 0.250000 0.625000 


## tetrahedra 000000087 ( somm 44 46 10 71)
0.125000 0.250000 0.500000 
0.125000 0.375000 0.500000 
0.000000 0.250000 0.500000 
0.125000 0.250000 0.625000 
0.125000 0.250000 0.500000 
0.000000 0.250000 0.500000 
0.125000 0.375000 0.500000 
0.125000 0.250000 0.625000 


## tetrahedra 000000088 ( somm 43 10 46 72)
0.000000 0.375000 0.500000 
0.000000 0.250000 0.500000 
0.125000 0.375000 0.500000 
0.000000 0.375000 0.625000 
0.000000 0.375000 0.500000 
0.125000 0.375000 0.500000 
0.000000 0.250000 0.500000 
0.000000 0.375000 0.625000 


## tetrahedra 000000089 ( somm 43 46 8 72)
0.000000 0.375000 0.500000 
0.125000 0.375000 0.500000 
0.000000 0.500000 0.500000 
0.000000 0.375000 0.625000 
0.000000 0.375000 0.500000 
0.000000 0.500000 0.500000 
0.125000 0.375000 0.500000 
0.000000 0.375000 0.625000 


## tetrahedra 000000090 ( somm 10 71 46 72)
0.000000 0.250000 0.500000 
0.125000 0.250000 0.625000 
0.125000 0.375000 0.500000 
0.000000 0.375000 0.625000 
0.000000 0.250000 0.500000 
0.125000 0.375000 0.500000 
0.125000 0.250000 0.625000 
0.000000 0.375000 0.625000 


## tetrahedra 000000091 ( somm 63 71 61 6)
0.000000 0.125000 0.625000 
0.125000 0.250000 0.625000 
0.125000 0.125000 0.750000 
0.000000 0.000000 0.500000 
0.000000 0.125000 0.625000 
0.125000 0.125000 0.750000 
0.125000 0.250000 0.625000 
0.000000 0.000000 0.500000 


## tetrahedra 000000092 ( somm 63 61 71 17)
0.000000 0.125000 0.625000 
0.125000 0.125000 0.750000 
0.125000 0.250000 0.625000 
0.000000 0.250000 0.750000 
0.000000 0.125000 0.625000 
0.125000 0.250000 0.625000 
0.125000 0.125000 0.750000 
0.000000 0.250000 0.750000 


## tetrahedra 000000093 ( somm 62 18 68 61)
0.125000 0.000000 0.625000 
0.250000 0.000000 0.750000 
0.250000 0.125000 0.625000 
0.125000 0.125000 0.750000 
0.125000 0.000000 0.625000 
0.250000 0.125000 0.625000 
0.250000 0.000000 0.750000 
0.125000 0.125000 0.750000 


## tetrahedra 000000094 ( somm 62 68 6 61)
0.125000 0.000000 0.625000 
0.250000 0.125000 0.625000 
0.000000 0.000000 0.500000 
0.125000 0.125000 0.750000 
0.125000 0.000000 0.625000 
0.000000 0.000000 0.500000 
0.250000 0.125000 0.625000 
0.125000 0.125000 0.750000 


## tetrahedra 000000095 ( somm 50 6 68 71)
0.125000 0.125000 0.500000 
0.000000 0.000000 0.500000 
0.250000 0.125000 0.625000 
0.125000 0.250000 0.625000 
0.125000 0.125000 0.500000 
0.250000 0.125000 0.625000 
0.000000 0.000000 0.500000 
0.125000 0.250000 0.625000 


## tetrahedra 000000096 ( somm 50 68 13 71)
0.125000 0.125000 0.500000 
0.250000 0.125000 0.625000 
0.250000 0.250000 0.500000 
0.125000 0.250000 0.625000 
0.125000 0.125000 0.500000 
0.250000 0.250000 0.500000 
0.250000 0.125000 0.625000 
0.125000 0.250000 0.625000 


## tetrahedra 000000097 ( somm 6 61 68 71)
0.000000 0.000000 0.500000 
0.125000 0.125000 0.750000 
0.250000 0.125000 0.625000 
0.125000 0.250000 0.625000 
0.000000 0.000000 0.500000 
0.250000 0.125000 0.625000 
0.125000 0.125000 0.750000 
0.125000 0.250000 0.625000 


## tetrahedra 000000098 ( somm 75 77 78 21)
0.500000 0.000000 0.125000 
0.625000 0.000000 0.125000 
0.500000 0.125000 0.125000 
0.500000 0.000000 0.250000 
0.500000 0.000000 0.125000 
0.500000 0.125000 0.125000 
0.625000 0.000000 0.125000 
0.500000 0.000000 0.250000 


## tetrahedra 000000099 ( somm 75 78 77 4)
0.500000 0.000000 0.125000 
0.500000 0.125000 0.125000 
0.625000 0.000000 0.125000 
0.500000 0.000000 0.000000 
0.500000 0.000000 0.125000 
0.625000 0.000000 0.125000 
0.500000 0.125000 0.125000 
0.500000 0.000000 0.000000 


## tetrahedra 000000100 ( somm 73 23 76 78)
0.500000 0.125000 0.250000 
0.500000 0.250000 0.250000 
0.625000 0.125000 0.250000 
0.500000 0.125000 0.125000 
0.500000 0.125000 0.250000 
0.625000 0.125000 0.250000 
0.500000 0.250000 0.250000 
0.500000 0.125000 0.125000 


## tetrahedra 000000101 ( somm 73 76 21 78)
0.500000 0.125000 0.250000 
0.625000 0.125000 0.250000 
0.500000 0.000000 0.250000 
0.500000 0.125000 0.125000 
0.500000 0.125000 0.250000 
0.500000 0.000000 0.250000 
0.625000 0.125000 0.250000 
0.500000 0.125000 0.125000 


## tetrahedra 000000102 ( somm 74 21 76 77)
0.625000 0.000000 0.250000 
0.500000 0.000000 0.250000 
0.625000 0.125000 0.250000 
0.625000 0.000000 0.125000 
0.625000 0.000000 0.250000 
0.625000 0.125000 0.250000 
0.500000 0.000000 0.250000 
0.625000 0.000000 0.125000 


## tetrahedra 000000103 ( somm 74 76 24 77)
0.625000 0.000000 0.250000 
0.625000 0.125000 0.250000 
0.750000 0.000000 0.250000 
0.625000 0.000000 0.125000 
0.625000 0.000000 0.250000 
0.750000 0.000000 0.250000 
0.625000 0.125000 0.250000 
0.625000 0.000000 0.125000 


## tetrahedra 000000104 ( somm 21 78 76 77)
0.500000 0.000000 0.250000 
0.500000 0.125000 0.125000 
0.625000 0.125000 0.250000 
0.625000 0.000000 0.125000 
0.500000 0.000000 0.250000 
0.625000 0.125000 0.250000 
0.500000 0.125000 0.125000 
0.625000 0.000000 0.125000 


## tetrahedra 000000105 ( somm 79 80 81 21)
0.500000 0.000000 0.375000 
0.500000 0.125000 0.375000 
0.625000 0.000000 0.375000 
0.500000 0.000000 0.250000 
0.500000 0.000000 0.375000 
0.625000 0.000000 0.375000 
0.500000 0.125000 0.375000 
0.500000 0.000000 0.250000 


## tetrahedra 000000106 ( somm 79 81 80 9)
0.500000 0.000000 0.375000 
0.625000 0.000000 0.375000 
0.500000 0.125000 0.375000 
0.500000 0.000000 0.500000 
0.500000 0.000000 0.375000 
0.500000 0.125000 0.375000 
0.625000 0.000000 0.375000 
0.500000 0.000000 0.500000 


## tetrahedra 000000107 ( somm 74 24 76 81)
0.625000 0.000000 0.250000 
0.750000 0.000000 0.250000 
0.625000 0.125000 0.250000 
0.625000 0.000000 0.375000 
0.625000 0.000000 0.250000 
0.625000 0.125000 0.250000 
0.750000 0.000000 0.250000 
0.625000 0.000000 0.375000 


## tetrahedra 000000108 ( somm 74 76 21 81)
0.625000 0.000000 0.250000 
0.625000 0.125000 0.250000 
0.500000 0.000000 0.250000 
0.625000 0.000000 0.375000 
0.625000 0.000000 0.250000 
0.500000 0.000000 0.250000 
0.625000 0.125000 0.250000 
0.625000 0.000000 0.375000 


## tetrahedra 000000109 ( somm 73 21 76 80)
0.500000 0.125000 0.250000 
0.500000 0.000000 0.250000 
0.625000 0.125000 0.250000 
0.500000 0.125000 0.375000 
0.500000 0.125000 0.250000 
0.625000 0.125000 0.250000 
0.500000 0.000000 0.250000 
0.500000 0.125000 0.375000 


## tetrahedra 000000110 ( somm 73 76 23 80)
0.500000 0.125000 0.250000 
0.625000 0.125000 0.250000 
0.500000 0.250000 0.250000 
0.500000 0.125000 0.375000 
0.500000 0.125000 0.250000 
0.500000 0.250000 0.250000 
0.625000 0.125000 0.250000 
0.500000 0.125000 0.375000 


## tetrahedra 000000111 ( somm 21 81 76 80)
0.500000 0.000000 0.250000 
0.625000 0.000000 0.375000 
0.625000 0.125000 0.250000 
0.500000 0.125000 0.375000 
0.500000 0.000000 0.250000 
0.625000 0.125000 0.250000 
0.625000 0.000000 0.375000 
0.500000 0.125000 0.375000 


## tetrahedra 000000112 ( somm 84 86 87 19)
0.750000 0.000000 0.125000 
0.750000 0.125000 0.125000 
0.875000 0.000000 0.125000 
0.750000 0.000000 0.000000 
0.750000 0.000000 0.125000 
0.875000 0.000000 0.125000 
0.750000 0.125000 0.125000 
0.750000 0.000000 0.000000 


## tetrahedra 000000113 ( somm 84 87 86 24)
0.750000 0.000000 0.125000 
0.875000 0.000000 0.125000 
0.750000 0.125000 0.125000 
0.750000 0.000000 0.250000 
0.750000 0.000000 0.125000 
0.750000 0.125000 0.125000 
0.875000 0.000000 0.125000 
0.750000 0.000000 0.250000 


## tetrahedra 000000114 ( somm 82 1 85 87)
0.875000 0.000000 0.000000 
1.000000 0.000000 0.000000 
0.875000 0.125000 0.000000 
0.875000 0.000000 0.125000 
0.875000 0.000000 0.000000 
0.875000 0.125000 0.000000 
1.000000 0.000000 0.000000 
0.875000 0.000000 0.125000 


## tetrahedra 000000115 ( somm 82 85 19 87)
0.875000 0.000000 0.000000 
0.875000 0.125000 0.000000 
0.750000 0.000000 0.000000 
0.875000 0.000000 0.125000 
0.875000 0.000000 0.000000 
0.750000 0.000000 0.000000 
0.875000 0.125000 0.000000 
0.875000 0.000000 0.125000 


## tetrahedra 000000116 ( somm 83 19 85 86)
0.750000 0.125000 0.000000 
0.750000 0.000000 0.000000 
0.875000 0.125000 0.000000 
0.750000 0.125000 0.125000 
0.750000 0.125000 0.000000 
0.875000 0.125000 0.000000 
0.750000 0.000000 0.000000 
0.750000 0.125000 0.125000 


## tetrahedra 000000117 ( somm 83 85 22 86)
0.750000 0.125000 0.000000 
0.875000 0.125000 0.000000 
0.750000 0.250000 0.000000 
0.750000 0.125000 0.125000 
0.750000 0.125000 0.000000 
0.750000 0.250000 0.000000 
0.875000 0.125000 0.000000 
0.750000 0.125000 0.125000 


## tetrahedra 000000118 ( somm 19 87 85 86)
0.750000 0.000000 0.000000 
0.875000 0.000000 0.125000 
0.875000 0.125000 0.000000 
0.750000 0.125000 0.125000 
0.750000 0.000000 0.000000 
0.875000 0.125000 0.000000 
0.875000 0.000000 0.125000 
0.750000 0.125000 0.125000 


## tetrahedra 000000119 ( somm 84 77 86 19)
0.750000 0.000000 0.125000 
0.625000 0.000000 0.125000 
0.750000 0.125000 0.125000 
0.750000 0.000000 0.000000 
0.750000 0.000000 0.125000 
0.750000 0.125000 0.125000 
0.625000 0.000000 0.125000 
0.750000 0.000000 0.000000 


## tetrahedra 000000120 ( somm 84 86 77 24)
0.750000 0.000000 0.125000 
0.750000 0.125000 0.125000 
0.625000 0.000000 0.125000 
0.750000 0.000000 0.250000 
0.750000 0.000000 0.125000 
0.625000 0.000000 0.125000 
0.750000 0.125000 0.125000 
0.750000 0.000000 0.250000 


## tetrahedra 000000121 ( somm 83 22 89 86)
0.750000 0.125000 0.000000 
0.750000 0.250000 0.000000 
0.625000 0.125000 0.000000 
0.750000 0.125000 0.125000 
0.750000 0.125000 0.000000 
0.625000 0.125000 0.000000 
0.750000 0.250000 0.000000 
0.750000 0.125000 0.125000 


## tetrahedra 000000122 ( somm 83 89 19 86)
0.750000 0.125000 0.000000 
0.625000 0.125000 0.000000 
0.750000 0.000000 0.000000 
0.750000 0.125000 0.125000 
0.750000 0.125000 0.000000 
0.750000 0.000000 0.000000 
0.625000 0.125000 0.000000 
0.750000 0.125000 0.125000 


## tetrahedra 000000123 ( somm 88 19 89 77)
0.625000 0.000000 0.000000 
0.750000 0.000000 0.000000 
0.625000 0.125000 0.000000 
0.625000 0.000000 0.125000 
0.625000 0.000000 0.000000 
0.625000 0.125000 0.000000 
0.750000 0.000000 0.000000 
0.625000 0.000000 0.125000 


## tetrahedra 000000124 ( somm 88 89 4 77)
0.625000 0.000000 0.000000 
0.625000 0.125000 0.000000 
0.500000 0.000000 0.000000 
0.625000 0.000000 0.125000 
0.625000 0.000000 0.000000 
0.500000 0.000000 0.000000 
0.625000 0.125000 0.000000 
0.625000 0.000000 0.125000 


## tetrahedra 000000125 ( somm 19 86 89 77)
0.750000 0.000000 0.000000 
0.750000 0.125000 0.125000 
0.625000 0.125000 0.000000 
0.625000 0.000000 0.125000 
0.750000 0.000000 0.000000 
0.625000 0.125000 0.000000 
0.750000 0.125000 0.125000 
0.625000 0.000000 0.125000 


## tetrahedra 000000126 ( somm 92 93 78 20)
0.500000 0.250000 0.125000 
0.625000 0.250000 0.125000 
0.500000 0.125000 0.125000 
0.500000 0.250000 0.000000 
0.500000 0.250000 0.125000 
0.500000 0.125000 0.125000 
0.625000 0.250000 0.125000 
0.500000 0.250000 0.000000 


## tetrahedra 000000127 ( somm 92 78 93 23)
0.500000 0.250000 0.125000 
0.500000 0.125000 0.125000 
0.625000 0.250000 0.125000 
0.500000 0.250000 0.250000 
0.500000 0.250000 0.125000 
0.625000 0.250000 0.125000 
0.500000 0.125000 0.125000 
0.500000 0.250000 0.250000 


## tetrahedra 000000128 ( somm 90 4 89 78)
0.500000 0.125000 0.000000 
0.500000 0.000000 0.000000 
0.625000 0.125000 0.000000 
0.500000 0.125000 0.125000 
0.500000 0.125000 0.000000 
0.625000 0.125000 0.000000 
0.500000 0.000000 0.000000 
0.500000 0.125000 0.125000 


## tetrahedra 000000129 ( somm 90 89 20 78)
0.500000 0.125000 0.000000 
0.625000 0.125000 0.000000 
0.500000 0.250000 0.000000 
0.500000 0.125000 0.125000 
0.500000 0.125000 0.000000 
0.500000 0.250000 0.000000 
0.625000 0.125000 0.000000 
0.500000 0.125000 0.125000 


## tetrahedra 000000130 ( somm 91 20 89 93)
0.625000 0.250000 0.000000 
0.500000 0.250000 0.000000 
0.625000 0.125000 0.000000 
0.625000 0.250000 0.125000 
0.625000 0.250000 0.000000 
0.625000 0.125000 0.000000 
0.500000 0.250000 0.000000 
0.625000 0.250000 0.125000 


## tetrahedra 000000131 ( somm 91 89 22 93)
0.625000 0.250000 0.000000 
0.625000 0.125000 0.000000 
0.750000 0.250000 0.000000 
0.625000 0.250000 0.125000 
0.625000 0.250000 0.000000 
0.750000 0.250000 0.000000 
0.625000 0.125000 0.000000 
0.625000 0.250000 0.125000 


## tetrahedra 000000132 ( somm 20 78 89 93)
0.500000 0.250000 0.000000 
0.500000 0.125000 0.125000 
0.625000 0.125000 0.000000 
0.625000 0.250000 0.125000 
0.500000 0.250000 0.000000 
0.625000 0.125000 0.000000 
0.500000 0.125000 0.125000 
0.625000 0.250000 0.125000 


## tetrahedra 000000133 ( somm 92 96 93 20)
0.500000 0.250000 0.125000 
0.500000 0.375000 0.125000 
0.625000 0.250000 0.125000 
0.500000 0.250000 0.000000 
0.500000 0.250000 0.125000 
0.625000 0.250000 0.125000 
0.500000 0.375000 0.125000 
0.500000 0.250000 0.000000 


## tetrahedra 000000134 ( somm 92 93 96 23)
0.500000 0.250000 0.125000 
0.625000 0.250000 0.125000 
0.500000 0.375000 0.125000 
0.500000 0.250000 0.250000 
0.500000 0.250000 0.125000 
0.500000 0.375000 0.125000 
0.625000 0.250000 0.125000 
0.500000 0.250000 0.250000 


## tetrahedra 000000135 ( somm 91 22 95 93)
0.625000 0.250000 0.000000 
0.750000 0.250000 0.000000 
0.625000 0.375000 0.000000 
0.625000 0.250000 0.125000 
0.625000 0.250000 0.000000 
0.625000 0.375000 0.000000 
0.750000 0.250000 0.000000 
0.625000 0.250000 0.125000 


## tetrahedra 000000136 ( somm 91 95 20 93)
0.625000 0.250000 0.000000 
0.625000 0.375000 0.000000 
0.500000 0.250000 0.000000 
0.625000 0.250000 0.125000 
0.625000 0.250000 0.000000 
0.500000 0.250000 0.000000 
0.625000 0.375000 0.000000 
0.625000 0.250000 0.125000 


## tetrahedra 000000137 ( somm 94 20 95 96)
0.500000 0.375000 0.000000 
0.500000 0.250000 0.000000 
0.625000 0.375000 0.000000 
0.500000 0.375000 0.125000 
0.500000 0.375000 0.000000 
0.625000 0.375000 0.000000 
0.500000 0.250000 0.000000 
0.500000 0.375000 0.125000 


## tetrahedra 000000138 ( somm 94 95 7 96)
0.500000 0.375000 0.000000 
0.625000 0.375000 0.000000 
0.500000 0.500000 0.000000 
0.500000 0.375000 0.125000 
0.500000 0.375000 0.000000 
0.500000 0.500000 0.000000 
0.625000 0.375000 0.000000 
0.500000 0.375000 0.125000 


## tetrahedra 000000139 ( somm 20 93 95 96)
0.500000 0.250000 0.000000 
0.625000 0.250000 0.125000 
0.625000 0.375000 0.000000 
0.500000 0.375000 0.125000 
0.500000 0.250000 0.000000 
0.625000 0.375000 0.000000 
0.625000 0.250000 0.125000 
0.500000 0.375000 0.125000 


## tetrahedra 000000140 ( somm 78 93 76 4)
0.500000 0.125000 0.125000 
0.625000 0.250000 0.125000 
0.625000 0.125000 0.250000 
0.500000 0.000000 0.000000 
0.500000 0.125000 0.125000 
0.625000 0.125000 0.250000 
0.625000 0.250000 0.125000 
0.500000 0.000000 0.000000 


## tetrahedra 000000141 ( somm 78 76 93 23)
0.500000 0.125000 0.125000 
0.625000 0.125000 0.250000 
0.625000 0.250000 0.125000 
0.500000 0.250000 0.250000 
0.500000 0.125000 0.125000 
0.625000 0.250000 0.125000 
0.625000 0.125000 0.250000 
0.500000 0.250000 0.250000 


## tetrahedra 000000142 ( somm 77 24 86 76)
0.625000 0.000000 0.125000 
0.750000 0.000000 0.250000 
0.750000 0.125000 0.125000 
0.625000 0.125000 0.250000 
0.625000 0.000000 0.125000 
0.750000 0.125000 0.125000 
0.750000 0.000000 0.250000 
0.625000 0.125000 0.250000 


## tetrahedra 000000143 ( somm 77 86 4 76)
0.625000 0.000000 0.125000 
0.750000 0.125000 0.125000 
0.500000 0.000000 0.000000 
0.625000 0.125000 0.250000 
0.625000 0.000000 0.125000 
0.500000 0.000000 0.000000 
0.750000 0.125000 0.125000 
0.625000 0.125000 0.250000 


## tetrahedra 000000144 ( somm 89 4 86 93)
0.625000 0.125000 0.000000 
0.500000 0.000000 0.000000 
0.750000 0.125000 0.125000 
0.625000 0.250000 0.125000 
0.625000 0.125000 0.000000 
0.750000 0.125000 0.125000 
0.500000 0.000000 0.000000 
0.625000 0.250000 0.125000 


## tetrahedra 000000145 ( somm 89 86 22 93)
0.625000 0.125000 0.000000 
0.750000 0.125000 0.125000 
0.750000 0.250000 0.000000 
0.625000 0.250000 0.125000 
0.625000 0.125000 0.000000 
0.750000 0.250000 0.000000 
0.750000 0.125000 0.125000 
0.625000 0.250000 0.125000 


## tetrahedra 000000146 ( somm 4 76 86 93)
0.500000 0.000000 0.000000 
0.625000 0.125000 0.250000 
0.750000 0.125000 0.125000 
0.625000 0.250000 0.125000 
0.500000 0.000000 0.000000 
0.750000 0.125000 0.125000 
0.625000 0.125000 0.250000 
0.625000 0.250000 0.125000 


## tetrahedra 000000147 ( somm 75 78 99 21)
0.500000 0.000000 0.125000 
0.500000 0.125000 0.125000 
0.375000 0.000000 0.125000 
0.500000 0.000000 0.250000 
0.500000 0.000000 0.125000 
0.375000 0.000000 0.125000 
0.500000 0.125000 0.125000 
0.500000 0.000000 0.250000 


## tetrahedra 000000148 ( somm 75 99 78 4)
0.500000 0.000000 0.125000 
0.375000 0.000000 0.125000 
0.500000 0.125000 0.125000 
0.500000 0.000000 0.000000 
0.500000 0.000000 0.125000 
0.500000 0.125000 0.125000 
0.375000 0.000000 0.125000 
0.500000 0.000000 0.000000 


## tetrahedra 000000149 ( somm 97 14 98 99)
0.375000 0.000000 0.250000 
0.250000 0.000000 0.250000 
0.375000 0.125000 0.250000 
0.375000 0.000000 0.125000 
0.375000 0.000000 0.250000 
0.375000 0.125000 0.250000 
0.250000 0.000000 0.250000 
0.375000 0.000000 0.125000 


## tetrahedra 000000150 ( somm 97 98 21 99)
0.375000 0.000000 0.250000 
0.375000 0.125000 0.250000 
0.500000 0.000000 0.250000 
0.375000 0.000000 0.125000 
0.375000 0.000000 0.250000 
0.500000 0.000000 0.250000 
0.375000 0.125000 0.250000 
0.375000 0.000000 0.125000 


## tetrahedra 000000151 ( somm 73 21 98 78)
0.500000 0.125000 0.250000 
0.500000 0.000000 0.250000 
0.375000 0.125000 0.250000 
0.500000 0.125000 0.125000 
0.500000 0.125000 0.250000 
0.375000 0.125000 0.250000 
0.500000 0.000000 0.250000 
0.500000 0.125000 0.125000 


## tetrahedra 000000152 ( somm 73 98 23 78)
0.500000 0.125000 0.250000 
0.375000 0.125000 0.250000 
0.500000 0.250000 0.250000 
0.500000 0.125000 0.125000 
0.500000 0.125000 0.250000 
0.500000 0.250000 0.250000 
0.375000 0.125000 0.250000 
0.500000 0.125000 0.125000 


## tetrahedra 000000153 ( somm 21 99 98 78)
0.500000 0.000000 0.250000 
0.375000 0.000000 0.125000 
0.375000 0.125000 0.250000 
0.500000 0.125000 0.125000 
0.500000 0.000000 0.250000 
0.375000 0.125000 0.250000 
0.375000 0.000000 0.125000 
0.500000 0.125000 0.125000 


## tetrahedra 000000154 ( somm 79 57 80 21)
0.500000 0.000000 0.375000 
0.375000 0.000000 0.375000 
0.500000 0.125000 0.375000 
0.500000 0.000000 0.250000 
0.500000 0.000000 0.375000 
0.500000 0.125000 0.375000 
0.375000 0.000000 0.375000 
0.500000 0.000000 0.250000 


## tetrahedra 000000155 ( somm 79 80 57 9)
0.500000 0.000000 0.375000 
0.500000 0.125000 0.375000 
0.375000 0.000000 0.375000 
0.500000 0.000000 0.500000 
0.500000 0.000000 0.375000 
0.375000 0.000000 0.375000 
0.500000 0.125000 0.375000 
0.500000 0.000000 0.500000 


## tetrahedra 000000156 ( somm 73 23 98 80)
0.500000 0.125000 0.250000 
0.500000 0.250000 0.250000 
0.375000 0.125000 0.250000 
0.500000 0.125000 0.375000 
0.500000 0.125000 0.250000 
0.375000 0.125000 0.250000 
0.500000 0.250000 0.250000 
0.500000 0.125000 0.375000 


## tetrahedra 000000157 ( somm 73 98 21 80)
0.500000 0.125000 0.250000 
0.375000 0.125000 0.250000 
0.500000 0.000000 0.250000 
0.500000 0.125000 0.375000 
0.500000 0.125000 0.250000 
0.500000 0.000000 0.250000 
0.375000 0.125000 0.250000 
0.500000 0.125000 0.375000 


## tetrahedra 000000158 ( somm 97 21 98 57)
0.375000 0.000000 0.250000 
0.500000 0.000000 0.250000 
0.375000 0.125000 0.250000 
0.375000 0.000000 0.375000 
0.375000 0.000000 0.250000 
0.375000 0.125000 0.250000 
0.500000 0.000000 0.250000 
0.375000 0.000000 0.375000 


## tetrahedra 000000159 ( somm 97 98 14 57)
0.375000 0.000000 0.250000 
0.375000 0.125000 0.250000 
0.250000 0.000000 0.250000 
0.375000 0.000000 0.375000 
0.375000 0.000000 0.250000 
0.250000 0.000000 0.250000 
0.375000 0.125000 0.250000 
0.375000 0.000000 0.375000 


## tetrahedra 000000160 ( somm 21 80 98 57)
0.500000 0.000000 0.250000 
0.500000 0.125000 0.375000 
0.375000 0.125000 0.250000 
0.375000 0.000000 0.375000 
0.500000 0.000000 0.250000 
0.375000 0.125000 0.250000 
0.500000 0.125000 0.375000 
0.375000 0.000000 0.375000 


## tetrahedra 000000161 ( somm 92 102 96 20)
0.500000 0.250000 0.125000 
0.375000 0.250000 0.125000 
0.500000 0.375000 0.125000 
0.500000 0.250000 0.000000 
0.500000 0.250000 0.125000 
0.500000 0.375000 0.125000 
0.375000 0.250000 0.125000 
0.500000 0.250000 0.000000 


## tetrahedra 000000162 ( somm 92 96 102 23)
0.500000 0.250000 0.125000 
0.500000 0.375000 0.125000 
0.375000 0.250000 0.125000 
0.500000 0.250000 0.250000 
0.500000 0.250000 0.125000 
0.375000 0.250000 0.125000 
0.500000 0.375000 0.125000 
0.500000 0.250000 0.250000 


## tetrahedra 000000163 ( somm 94 7 101 96)
0.500000 0.375000 0.000000 
0.500000 0.500000 0.000000 
0.375000 0.375000 0.000000 
0.500000 0.375000 0.125000 
0.500000 0.375000 0.000000 
0.375000 0.375000 0.000000 
0.500000 0.500000 0.000000 
0.500000 0.375000 0.125000 


## tetrahedra 000000164 ( somm 94 101 20 96)
0.500000 0.375000 0.000000 
0.375000 0.375000 0.000000 
0.500000 0.250000 0.000000 
0.500000 0.375000 0.125000 
0.500000 0.375000 0.000000 
0.500000 0.250000 0.000000 
0.375000 0.375000 0.000000 
0.500000 0.375000 0.125000 


## tetrahedra 000000165 ( somm 100 20 101 102)
0.375000 0.250000 0.000000 
0.500000 0.250000 0.000000 
0.375000 0.375000 0.000000 
0.375000 0.250000 0.125000 
0.375000 0.250000 0.000000 
0.375000 0.375000 0.000000 
0.500000 0.250000 0.000000 
0.375000 0.250000 0.125000 


## tetrahedra 000000166 ( somm 100 101 26 102)
0.375000 0.250000 0.000000 
0.375000 0.375000 0.000000 
0.250000 0.250000 0.000000 
0.375000 0.250000 0.125000 
0.375000 0.250000 0.000000 
0.250000 0.250000 0.000000 
0.375000 0.375000 0.000000 
0.375000 0.250000 0.125000 


## tetrahedra 000000167 ( somm 20 96 101 102)
0.500000 0.250000 0.000000 
0.500000 0.375000 0.125000 
0.375000 0.375000 0.000000 
0.375000 0.250000 0.125000 
0.500000 0.250000 0.000000 
0.375000 0.375000 0.000000 
0.500000 0.375000 0.125000 
0.375000 0.250000 0.125000 


## tetrahedra 000000168 ( somm 92 78 102 20)
0.500000 0.250000 0.125000 
0.500000 0.125000 0.125000 
0.375000 0.250000 0.125000 
0.500000 0.250000 0.000000 
0.500000 0.250000 0.125000 
0.375000 0.250000 0.125000 
0.500000 0.125000 0.125000 
0.500000 0.250000 0.000000 


## tetrahedra 000000169 ( somm 92 102 78 23)
0.500000 0.250000 0.125000 
0.375000 0.250000 0.125000 
0.500000 0.125000 0.125000 
0.500000 0.250000 0.250000 
0.500000 0.250000 0.125000 
0.500000 0.125000 0.125000 
0.375000 0.250000 0.125000 
0.500000 0.250000 0.250000 


## tetrahedra 000000170 ( somm 100 26 103 102)
0.375000 0.250000 0.000000 
0.250000 0.250000 0.000000 
0.375000 0.125000 0.000000 
0.375000 0.250000 0.125000 
0.375000 0.250000 0.000000 
0.375000 0.125000 0.000000 
0.250000 0.250000 0.000000 
0.375000 0.250000 0.125000 


## tetrahedra 000000171 ( somm 100 103 20 102)
0.375000 0.250000 0.000000 
0.375000 0.125000 0.000000 
0.500000 0.250000 0.000000 
0.375000 0.250000 0.125000 
0.375000 0.250000 0.000000 
0.500000 0.250000 0.000000 
0.375000 0.125000 0.000000 
0.375000 0.250000 0.125000 


## tetrahedra 000000172 ( somm 90 20 103 78)
0.500000 0.125000 0.000000 
0.500000 0.250000 0.000000 
0.375000 0.125000 0.000000 
0.500000 0.125000 0.125000 
0.500000 0.125000 0.000000 
0.375000 0.125000 0.000000 
0.500000 0.250000 0.000000 
0.500000 0.125000 0.125000 


## tetrahedra 000000173 ( somm 90 103 4 78)
0.500000 0.125000 0.000000 
0.375000 0.125000 0.000000 
0.500000 0.000000 0.000000 
0.500000 0.125000 0.125000 
0.500000 0.125000 0.000000 
0.500000 0.000000 0.000000 
0.375000 0.125000 0.000000 
0.500000 0.125000 0.125000 


## tetrahedra 000000174 ( somm 20 102 103 78)
0.500000 0.250000 0.000000 
0.375000 0.250000 0.125000 
0.375000 0.125000 0.000000 
0.500000 0.125000 0.125000 
0.500000 0.250000 0.000000 
0.375000 0.125000 0.000000 
0.375000 0.250000 0.125000 
0.500000 0.125000 0.125000 


## tetrahedra 000000175 ( somm 106 107 99 25)
0.250000 0.000000 0.125000 
0.250000 0.125000 0.125000 
0.375000 0.000000 0.125000 
0.250000 0.000000 0.000000 
0.250000 0.000000 0.125000 
0.375000 0.000000 0.125000 
0.250000 0.125000 0.125000 
0.250000 0.000000 0.000000 


## tetrahedra 000000176 ( somm 106 99 107 14)
0.250000 0.000000 0.125000 
0.375000 0.000000 0.125000 
0.250000 0.125000 0.125000 
0.250000 0.000000 0.250000 
0.250000 0.000000 0.125000 
0.250000 0.125000 0.125000 
0.375000 0.000000 0.125000 
0.250000 0.000000 0.250000 


## tetrahedra 000000177 ( somm 104 4 103 99)
0.375000 0.000000 0.000000 
0.500000 0.000000 0.000000 
0.375000 0.125000 0.000000 
0.375000 0.000000 0.125000 
0.375000 0.000000 0.000000 
0.375000 0.125000 0.000000 
0.500000 0.000000 0.000000 
0.375000 0.000000 0.125000 


## tetrahedra 000000178 ( somm 104 103 25 99)
0.375000 0.000000 0.000000 
0.375000 0.125000 0.000000 
0.250000 0.000000 0.000000 
0.375000 0.000000 0.125000 
0.375000 0.000000 0.000000 
0.250000 0.000000 0.000000 
0.375000 0.125000 0.000000 
0.375000 0.000000 0.125000 


## tetrahedra 000000179 ( somm 105 25 103 107)
0.250000 0.125000 0.000000 
0.250000 0.000000 0.000000 
0.375000 0.125000 0.000000 
0.250000 0.125000 0.125000 
0.250000 0.125000 0.000000 
0.375000 0.125000 0.000000 
0.250000 0.000000 0.000000 
0.250000 0.125000 0.125000 


## tetrahedra 000000180 ( somm 105 103 26 107)
0.250000 0.125000 0.000000 
0.375000 0.125000 0.000000 
0.250000 0.250000 0.000000 
0.250000 0.125000 0.125000 
0.250000 0.125000 0.000000 
0.250000 0.250000 0.000000 
0.375000 0.125000 0.000000 
0.250000 0.125000 0.125000 


## tetrahedra 000000181 ( somm 25 99 103 107)
0.250000 0.000000 0.000000 
0.375000 0.000000 0.125000 
0.375000 0.125000 0.000000 
0.250000 0.125000 0.125000 
0.250000 0.000000 0.000000 
0.375000 0.125000 0.000000 
0.375000 0.000000 0.125000 
0.250000 0.125000 0.125000 


## tetrahedra 000000182 ( somm 106 41 107 25)
0.250000 0.000000 0.125000 
0.125000 0.000000 0.125000 
0.250000 0.125000 0.125000 
0.250000 0.000000 0.000000 
0.250000 0.000000 0.125000 
0.250000 0.125000 0.125000 
0.125000 0.000000 0.125000 
0.250000 0.000000 0.000000 


## tetrahedra 000000183 ( somm 106 107 41 14)
0.250000 0.000000 0.125000 
0.250000 0.125000 0.125000 
0.125000 0.000000 0.125000 
0.250000 0.000000 0.250000 
0.250000 0.000000 0.125000 
0.125000 0.000000 0.125000 
0.250000 0.125000 0.125000 
0.250000 0.000000 0.250000 


## tetrahedra 000000184 ( somm 105 26 109 107)
0.250000 0.125000 0.000000 
0.250000 0.250000 0.000000 
0.125000 0.125000 0.000000 
0.250000 0.125000 0.125000 
0.250000 0.125000 0.000000 
0.125000 0.125000 0.000000 
0.250000 0.250000 0.000000 
0.250000 0.125000 0.125000 


## tetrahedra 000000185 ( somm 105 109 25 107)
0.250000 0.125000 0.000000 
0.125000 0.125000 0.000000 
0.250000 0.000000 0.000000 
0.250000 0.125000 0.125000 
0.250000 0.125000 0.000000 
0.250000 0.000000 0.000000 
0.125000 0.125000 0.000000 
0.250000 0.125000 0.125000 


## tetrahedra 000000186 ( somm 108 25 109 41)
0.125000 0.000000 0.000000 
0.250000 0.000000 0.000000 
0.125000 0.125000 0.000000 
0.125000 0.000000 0.125000 
0.125000 0.000000 0.000000 
0.125000 0.125000 0.000000 
0.250000 0.000000 0.000000 
0.125000 0.000000 0.125000 


## tetrahedra 000000187 ( somm 108 109 0 41)
0.125000 0.000000 0.000000 
0.125000 0.125000 0.000000 
0.000000 0.000000 0.000000 
0.125000 0.000000 0.125000 
0.125000 0.000000 0.000000 
0.000000 0.000000 0.000000 
0.125000 0.125000 0.000000 
0.125000 0.000000 0.125000 


## tetrahedra 000000188 ( somm 25 107 109 41)
0.250000 0.000000 0.000000 
0.250000 0.125000 0.125000 
0.125000 0.125000 0.000000 
0.125000 0.000000 0.125000 
0.250000 0.000000 0.000000 
0.125000 0.125000 0.000000 
0.250000 0.125000 0.125000 
0.125000 0.000000 0.125000 


## tetrahedra 000000189 ( somm 99 107 98 4)
0.375000 0.000000 0.125000 
0.250000 0.125000 0.125000 
0.375000 0.125000 0.250000 
0.500000 0.000000 0.000000 
0.375000 0.000000 0.125000 
0.375000 0.125000 0.250000 
0.250000 0.125000 0.125000 
0.500000 0.000000 0.000000 


## tetrahedra 000000190 ( somm 99 98 107 14)
0.375000 0.000000 0.125000 
0.375000 0.125000 0.250000 
0.250000 0.125000 0.125000 
0.250000 0.000000 0.250000 
0.375000 0.000000 0.125000 
0.250000 0.125000 0.125000 
0.375000 0.125000 0.250000 
0.250000 0.000000 0.250000 


## tetrahedra 000000191 ( somm 78 23 102 98)
0.500000 0.125000 0.125000 
0.500000 0.250000 0.250000 
0.375000 0.250000 0.125000 
0.375000 0.125000 0.250000 
0.500000 0.125000 0.125000 
0.375000 0.250000 0.125000 
0.500000 0.250000 0.250000 
0.375000 0.125000 0.250000 


## tetrahedra 000000192 ( somm 78 102 4 98)
0.500000 0.125000 0.125000 
0.375000 0.250000 0.125000 
0.500000 0.000000 0.000000 
0.375000 0.125000 0.250000 
0.500000 0.125000 0.125000 
0.500000 0.000000 0.000000 
0.375000 0.250000 0.125000 
0.375000 0.125000 0.250000 


## tetrahedra 000000193 ( somm 103 4 102 107)
0.375000 0.125000 0.000000 
0.500000 0.000000 0.000000 
0.375000 0.250000 0.125000 
0.250000 0.125000 0.125000 
0.375000 0.125000 0.000000 
0.375000 0.250000 0.125000 
0.500000 0.000000 0.000000 
0.250000 0.125000 0.125000 


## tetrahedra 000000194 ( somm 103 102 26 107)
0.375000 0.125000 0.000000 
0.375000 0.250000 0.125000 
0.250000 0.250000 0.000000 
0.250000 0.125000 0.125000 
0.375000 0.125000 0.000000 
0.250000 0.250000 0.000000 
0.375000 0.250000 0.125000 
0.250000 0.125000 0.125000 


## tetrahedra 000000195 ( somm 4 98 102 107)
0.500000 0.000000 0.000000 
0.375000 0.125000 0.250000 
0.375000 0.250000 0.125000 
0.250000 0.125000 0.125000 
0.500000 0.000000 0.000000 
0.375000 0.250000 0.125000 
0.375000 0.125000 0.250000 
0.250000 0.125000 0.125000 


## tetrahedra 000000196 ( somm 112 114 115 29)
0.000000 0.500000 0.125000 
0.000000 0.375000 0.125000 
0.125000 0.500000 0.125000 
0.000000 0.500000 0.250000 
0.000000 0.500000 0.125000 
0.125000 0.500000 0.125000 
0.000000 0.375000 0.125000 
0.000000 0.500000 0.250000 


## tetrahedra 000000197 ( somm 112 115 114 5)
0.000000 0.500000 0.125000 
0.125000 0.500000 0.125000 
0.000000 0.375000 0.125000 
0.000000 0.500000 0.000000 
0.000000 0.500000 0.125000 
0.000000 0.375000 0.125000 
0.125000 0.500000 0.125000 
0.000000 0.500000 0.000000 


## tetrahedra 000000198 ( somm 110 30 113 115)
0.125000 0.500000 0.250000 
0.250000 0.500000 0.250000 
0.125000 0.375000 0.250000 
0.125000 0.500000 0.125000 
0.125000 0.500000 0.250000 
0.125000 0.375000 0.250000 
0.250000 0.500000 0.250000 
0.125000 0.500000 0.125000 


## tetrahedra 000000199 ( somm 110 113 29 115)
0.125000 0.500000 0.250000 
0.125000 0.375000 0.250000 
0.000000 0.500000 0.250000 
0.125000 0.500000 0.125000 
0.125000 0.500000 0.250000 
0.000000 0.500000 0.250000 
0.125000 0.375000 0.250000 
0.125000 0.500000 0.125000 


## tetrahedra 000000200 ( somm 111 29 113 114)
0.000000 0.375000 0.250000 
0.000000 0.500000 0.250000 
0.125000 0.375000 0.250000 
0.000000 0.375000 0.125000 
0.000000 0.375000 0.250000 
0.125000 0.375000 0.250000 
0.000000 0.500000 0.250000 
0.000000 0.375000 0.125000 


## tetrahedra 000000201 ( somm 111 113 15 114)
0.000000 0.375000 0.250000 
0.125000 0.375000 0.250000 
0.000000 0.250000 0.250000 
0.000000 0.375000 0.125000 
0.000000 0.375000 0.250000 
0.000000 0.250000 0.250000 
0.125000 0.375000 0.250000 
0.000000 0.375000 0.125000 


## tetrahedra 000000202 ( somm 29 115 113 114)
0.000000 0.500000 0.250000 
0.125000 0.500000 0.125000 
0.125000 0.375000 0.250000 
0.000000 0.375000 0.125000 
0.000000 0.500000 0.250000 
0.125000 0.375000 0.250000 
0.125000 0.500000 0.125000 
0.000000 0.375000 0.125000 


## tetrahedra 000000203 ( somm 116 117 48 29)
0.000000 0.500000 0.375000 
0.125000 0.500000 0.375000 
0.000000 0.375000 0.375000 
0.000000 0.500000 0.250000 
0.000000 0.500000 0.375000 
0.000000 0.375000 0.375000 
0.125000 0.500000 0.375000 
0.000000 0.500000 0.250000 


## tetrahedra 000000204 ( somm 116 48 117 8)
0.000000 0.500000 0.375000 
0.000000 0.375000 0.375000 
0.125000 0.500000 0.375000 
0.000000 0.500000 0.500000 
0.000000 0.500000 0.375000 
0.125000 0.500000 0.375000 
0.000000 0.375000 0.375000 
0.000000 0.500000 0.500000 


## tetrahedra 000000205 ( somm 111 15 113 48)
0.000000 0.375000 0.250000 
0.000000 0.250000 0.250000 
0.125000 0.375000 0.250000 
0.000000 0.375000 0.375000 
0.000000 0.375000 0.250000 
0.125000 0.375000 0.250000 
0.000000 0.250000 0.250000 
0.000000 0.375000 0.375000 


## tetrahedra 000000206 ( somm 111 113 29 48)
0.000000 0.375000 0.250000 
0.125000 0.375000 0.250000 
0.000000 0.500000 0.250000 
0.000000 0.375000 0.375000 
0.000000 0.375000 0.250000 
0.000000 0.500000 0.250000 
0.125000 0.375000 0.250000 
0.000000 0.375000 0.375000 


## tetrahedra 000000207 ( somm 110 29 113 117)
0.125000 0.500000 0.250000 
0.000000 0.500000 0.250000 
0.125000 0.375000 0.250000 
0.125000 0.500000 0.375000 
0.125000 0.500000 0.250000 
0.125000 0.375000 0.250000 
0.000000 0.500000 0.250000 
0.125000 0.500000 0.375000 


## tetrahedra 000000208 ( somm 110 113 30 117)
0.125000 0.500000 0.250000 
0.125000 0.375000 0.250000 
0.250000 0.500000 0.250000 
0.125000 0.500000 0.375000 
0.125000 0.500000 0.250000 
0.250000 0.500000 0.250000 
0.125000 0.375000 0.250000 
0.125000 0.500000 0.375000 


## tetrahedra 000000209 ( somm 29 48 113 117)
0.000000 0.500000 0.250000 
0.000000 0.375000 0.375000 
0.125000 0.375000 0.250000 
0.125000 0.500000 0.375000 
0.000000 0.500000 0.250000 
0.125000 0.375000 0.250000 
0.000000 0.375000 0.375000 
0.125000 0.500000 0.375000 


## tetrahedra 000000210 ( somm 120 121 42 27)
0.000000 0.250000 0.125000 
0.125000 0.250000 0.125000 
0.000000 0.125000 0.125000 
0.000000 0.250000 0.000000 
0.000000 0.250000 0.125000 
0.000000 0.125000 0.125000 
0.125000 0.250000 0.125000 
0.000000 0.250000 0.000000 


## tetrahedra 000000211 ( somm 120 42 121 15)
0.000000 0.250000 0.125000 
0.000000 0.125000 0.125000 
0.125000 0.250000 0.125000 
0.000000 0.250000 0.250000 
0.000000 0.250000 0.125000 
0.125000 0.250000 0.125000 
0.000000 0.125000 0.125000 
0.000000 0.250000 0.250000 


## tetrahedra 000000212 ( somm 118 0 109 42)
0.000000 0.125000 0.000000 
0.000000 0.000000 0.000000 
0.125000 0.125000 0.000000 
0.000000 0.125000 0.125000 
0.000000 0.125000 0.000000 
0.125000 0.125000 0.000000 
0.000000 0.000000 0.000000 
0.000000 0.125000 0.125000 


## tetrahedra 000000213 ( somm 118 109 27 42)
0.000000 0.125000 0.000000 
0.125000 0.125000 0.000000 
0.000000 0.250000 0.000000 
0.000000 0.125000 0.125000 
0.000000 0.125000 0.000000 
0.000000 0.250000 0.000000 
0.125000 0.125000 0.000000 
0.000000 0.125000 0.125000 


## tetrahedra 000000214 ( somm 119 27 109 121)
0.125000 0.250000 0.000000 
0.000000 0.250000 0.000000 
0.125000 0.125000 0.000000 
0.125000 0.250000 0.125000 
0.125000 0.250000 0.000000 
0.125000 0.125000 0.000000 
0.000000 0.250000 0.000000 
0.125000 0.250000 0.125000 


## tetrahedra 000000215 ( somm 119 109 26 121)
0.125000 0.250000 0.000000 
0.125000 0.125000 0.000000 
0.250000 0.250000 0.000000 
0.125000 0.250000 0.125000 
0.125000 0.250000 0.000000 
0.250000 0.250000 0.000000 
0.125000 0.125000 0.000000 
0.125000 0.250000 0.125000 


## tetrahedra 000000216 ( somm 27 42 109 121)
0.000000 0.250000 0.000000 
0.000000 0.125000 0.125000 
0.125000 0.125000 0.000000 
0.125000 0.250000 0.125000 
0.000000 0.250000 0.000000 
0.125000 0.125000 0.000000 
0.000000 0.125000 0.125000 
0.125000 0.250000 0.125000 


## tetrahedra 000000217 ( somm 120 114 121 27)
0.000000 0.250000 0.125000 
0.000000 0.375000 0.125000 
0.125000 0.250000 0.125000 
0.000000 0.250000 0.000000 
0.000000 0.250000 0.125000 
0.125000 0.250000 0.125000 
0.000000 0.375000 0.125000 
0.000000 0.250000 0.000000 


## tetrahedra 000000218 ( somm 120 121 114 15)
0.000000 0.250000 0.125000 
0.125000 0.250000 0.125000 
0.000000 0.375000 0.125000 
0.000000 0.250000 0.250000 
0.000000 0.250000 0.125000 
0.000000 0.375000 0.125000 
0.125000 0.250000 0.125000 
0.000000 0.250000 0.250000 


## tetrahedra 000000219 ( somm 119 26 123 121)
0.125000 0.250000 0.000000 
0.250000 0.250000 0.000000 
0.125000 0.375000 0.000000 
0.125000 0.250000 0.125000 
0.125000 0.250000 0.000000 
0.125000 0.375000 0.000000 
0.250000 0.250000 0.000000 
0.125000 0.250000 0.125000 


## tetrahedra 000000220 ( somm 119 123 27 121)
0.125000 0.250000 0.000000 
0.125000 0.375000 0.000000 
0.000000 0.250000 0.000000 
0.125000 0.250000 0.125000 
0.125000 0.250000 0.000000 
0.000000 0.250000 0.000000 
0.125000 0.375000 0.000000 
0.125000 0.250000 0.125000 


## tetrahedra 000000221 ( somm 122 27 123 114)
0.000000 0.375000 0.000000 
0.000000 0.250000 0.000000 
0.125000 0.375000 0.000000 
0.000000 0.375000 0.125000 
0.000000 0.375000 0.000000 
0.125000 0.375000 0.000000 
0.000000 0.250000 0.000000 
0.000000 0.375000 0.125000 


## tetrahedra 000000222 ( somm 122 123 5 114)
0.000000 0.375000 0.000000 
0.125000 0.375000 0.000000 
0.000000 0.500000 0.000000 
0.000000 0.375000 0.125000 
0.000000 0.375000 0.000000 
0.000000 0.500000 0.000000 
0.125000 0.375000 0.000000 
0.000000 0.375000 0.125000 


## tetrahedra 000000223 ( somm 27 121 123 114)
0.000000 0.250000 0.000000 
0.125000 0.250000 0.125000 
0.125000 0.375000 0.000000 
0.000000 0.375000 0.125000 
0.000000 0.250000 0.000000 
0.125000 0.375000 0.000000 
0.125000 0.250000 0.125000 
0.000000 0.375000 0.125000 


## tetrahedra 000000224 ( somm 126 127 115 28)
0.250000 0.500000 0.125000 
0.250000 0.375000 0.125000 
0.125000 0.500000 0.125000 
0.250000 0.500000 0.000000 
0.250000 0.500000 0.125000 
0.125000 0.500000 0.125000 
0.250000 0.375000 0.125000 
0.250000 0.500000 0.000000 


## tetrahedra 000000225 ( somm 126 115 127 30)
0.250000 0.500000 0.125000 
0.125000 0.500000 0.125000 
0.250000 0.375000 0.125000 
0.250000 0.500000 0.250000 
0.250000 0.500000 0.125000 
0.250000 0.375000 0.125000 
0.125000 0.500000 0.125000 
0.250000 0.500000 0.250000 


## tetrahedra 000000226 ( somm 124 5 123 115)
0.125000 0.500000 0.000000 
0.000000 0.500000 0.000000 
0.125000 0.375000 0.000000 
0.125000 0.500000 0.125000 
0.125000 0.500000 0.000000 
0.125000 0.375000 0.000000 
0.000000 0.500000 0.000000 
0.125000 0.500000 0.125000 


## tetrahedra 000000227 ( somm 124 123 28 115)
0.125000 0.500000 0.000000 
0.125000 0.375000 0.000000 
0.250000 0.500000 0.000000 
0.125000 0.500000 0.125000 
0.125000 0.500000 0.000000 
0.250000 0.500000 0.000000 
0.125000 0.375000 0.000000 
0.125000 0.500000 0.125000 


## tetrahedra 000000228 ( somm 125 28 123 127)
0.250000 0.375000 0.000000 
0.250000 0.500000 0.000000 
0.125000 0.375000 0.000000 
0.250000 0.375000 0.125000 
0.250000 0.375000 0.000000 
0.125000 0.375000 0.000000 
0.250000 0.500000 0.000000 
0.250000 0.375000 0.125000 


## tetrahedra 000000229 ( somm 125 123 26 127)
0.250000 0.375000 0.000000 
0.125000 0.375000 0.000000 
0.250000 0.250000 0.000000 
0.250000 0.375000 0.125000 
0.250000 0.375000 0.000000 
0.250000 0.250000 0.000000 
0.125000 0.375000 0.000000 
0.250000 0.375000 0.125000 


## tetrahedra 000000230 ( somm 28 115 123 127)
0.250000 0.500000 0.000000 
0.125000 0.500000 0.125000 
0.125000 0.375000 0.000000 
0.250000 0.375000 0.125000 
0.250000 0.500000 0.000000 
0.125000 0.375000 0.000000 
0.125000 0.500000 0.125000 
0.250000 0.375000 0.125000 


## tetrahedra 000000231 ( somm 126 129 127 28)
0.250000 0.500000 0.125000 
0.375000 0.500000 0.125000 
0.250000 0.375000 0.125000 
0.250000 0.500000 0.000000 
0.250000 0.500000 0.125000 
0.250000 0.375000 0.125000 
0.375000 0.500000 0.125000 
0.250000 0.500000 0.000000 


## tetrahedra 000000232 ( somm 126 127 129 30)
0.250000 0.500000 0.125000 
0.250000 0.375000 0.125000 
0.375000 0.500000 0.125000 
0.250000 0.500000 0.250000 
0.250000 0.500000 0.125000 
0.375000 0.500000 0.125000 
0.250000 0.375000 0.125000 
0.250000 0.500000 0.250000 


## tetrahedra 000000233 ( somm 125 26 101 127)
0.250000 0.375000 0.000000 
0.250000 0.250000 0.000000 
0.375000 0.375000 0.000000 
0.250000 0.375000 0.125000 
0.250000 0.375000 0.000000 
0.375000 0.375000 0.000000 
0.250000 0.250000 0.000000 
0.250000 0.375000 0.125000 


## tetrahedra 000000234 ( somm 125 101 28 127)
0.250000 0.375000 0.000000 
0.375000 0.375000 0.000000 
0.250000 0.500000 0.000000 
0.250000 0.375000 0.125000 
0.250000 0.375000 0.000000 
0.250000 0.500000 0.000000 
0.375000 0.375000 0.000000 
0.250000 0.375000 0.125000 


## tetrahedra 000000235 ( somm 128 28 101 129)
0.375000 0.500000 0.000000 
0.250000 0.500000 0.000000 
0.375000 0.375000 0.000000 
0.375000 0.500000 0.125000 
0.375000 0.500000 0.000000 
0.375000 0.375000 0.000000 
0.250000 0.500000 0.000000 
0.375000 0.500000 0.125000 


## tetrahedra 000000236 ( somm 128 101 7 129)
0.375000 0.500000 0.000000 
0.375000 0.375000 0.000000 
0.500000 0.500000 0.000000 
0.375000 0.500000 0.125000 
0.375000 0.500000 0.000000 
0.500000 0.500000 0.000000 
0.375000 0.375000 0.000000 
0.375000 0.500000 0.125000 


## tetrahedra 000000237 ( somm 28 127 101 129)
0.250000 0.500000 0.000000 
0.250000 0.375000 0.125000 
0.375000 0.375000 0.000000 
0.375000 0.500000 0.125000 
0.250000 0.500000 0.000000 
0.375000 0.375000 0.000000 
0.250000 0.375000 0.125000 
0.375000 0.500000 0.125000 


## tetrahedra 000000238 ( somm 115 127 113 5)
0.125000 0.500000 0.125000 
0.250000 0.375000 0.125000 
0.125000 0.375000 0.250000 
0.000000 0.500000 0.000000 
0.125000 0.500000 0.125000 
0.125000 0.375000 0.250000 
0.250000 0.375000 0.125000 
0.000000 0.500000 0.000000 


## tetrahedra 000000239 ( somm 115 113 127 30)
0.125000 0.500000 0.125000 
0.125000 0.375000 0.250000 
0.250000 0.375000 0.125000 
0.250000 0.500000 0.250000 
0.125000 0.500000 0.125000 
0.250000 0.375000 0.125000 
0.125000 0.375000 0.250000 
0.250000 0.500000 0.250000 


## tetrahedra 000000240 ( somm 114 15 121 113)
0.000000 0.375000 0.125000 
0.000000 0.250000 0.250000 
0.125000 0.250000 0.125000 
0.125000 0.375000 0.250000 
0.000000 0.375000 0.125000 
0.125000 0.250000 0.125000 
0.000000 0.250000 0.250000 
0.125000 0.375000 0.250000 


## tetrahedra 000000241 ( somm 114 121 5 113)
0.000000 0.375000 0.125000 
0.125000 0.250000 0.125000 
0.000000 0.500000 0.000000 
0.125000 0.375000 0.250000 
0.000000 0.375000 0.125000 
0.000000 0.500000 0.000000 
0.125000 0.250000 0.125000 
0.125000 0.375000 0.250000 


## tetrahedra 000000242 ( somm 123 5 121 127)
0.125000 0.375000 0.000000 
0.000000 0.500000 0.000000 
0.125000 0.250000 0.125000 
0.250000 0.375000 0.125000 
0.125000 0.375000 0.000000 
0.125000 0.250000 0.125000 
0.000000 0.500000 0.000000 
0.250000 0.375000 0.125000 


## tetrahedra 000000243 ( somm 123 121 26 127)
0.125000 0.375000 0.000000 
0.125000 0.250000 0.125000 
0.250000 0.250000 0.000000 
0.250000 0.375000 0.125000 
0.125000 0.375000 0.000000 
0.250000 0.250000 0.000000 
0.125000 0.250000 0.125000 
0.250000 0.375000 0.125000 


## tetrahedra 000000244 ( somm 5 113 121 127)
0.000000 0.500000 0.000000 
0.125000 0.375000 0.250000 
0.125000 0.250000 0.125000 
0.250000 0.375000 0.125000 
0.000000 0.500000 0.000000 
0.125000 0.250000 0.125000 
0.125000 0.375000 0.250000 
0.250000 0.375000 0.125000 


## tetrahedra 000000245 ( somm 112 115 132 29)
0.000000 0.500000 0.125000 
0.125000 0.500000 0.125000 
0.000000 0.625000 0.125000 
0.000000 0.500000 0.250000 
0.000000 0.500000 0.125000 
0.000000 0.625000 0.125000 
0.125000 0.500000 0.125000 
0.000000 0.500000 0.250000 


## tetrahedra 000000246 ( somm 112 132 115 5)
0.000000 0.500000 0.125000 
0.000000 0.625000 0.125000 
0.125000 0.500000 0.125000 
0.000000 0.500000 0.000000 
0.000000 0.500000 0.125000 
0.125000 0.500000 0.125000 
0.000000 0.625000 0.125000 
0.000000 0.500000 0.000000 


## tetrahedra 000000247 ( somm 130 33 131 132)
0.000000 0.625000 0.250000 
0.000000 0.750000 0.250000 
0.125000 0.625000 0.250000 
0.000000 0.625000 0.125000 
0.000000 0.625000 0.250000 
0.125000 0.625000 0.250000 
0.000000 0.750000 0.250000 
0.000000 0.625000 0.125000 


## tetrahedra 000000248 ( somm 130 131 29 132)
0.000000 0.625000 0.250000 
0.125000 0.625000 0.250000 
0.000000 0.500000 0.250000 
0.000000 0.625000 0.125000 
0.000000 0.625000 0.250000 
0.000000 0.500000 0.250000 
0.125000 0.625000 0.250000 
0.000000 0.625000 0.125000 


## tetrahedra 000000249 ( somm 110 29 131 115)
0.125000 0.500000 0.250000 
0.000000 0.500000 0.250000 
0.125000 0.625000 0.250000 
0.125000 0.500000 0.125000 
0.125000 0.500000 0.250000 
0.125000 0.625000 0.250000 
0.000000 0.500000 0.250000 
0.125000 0.500000 0.125000 


## tetrahedra 000000250 ( somm 110 131 30 115)
0.125000 0.500000 0.250000 
0.125000 0.625000 0.250000 
0.250000 0.500000 0.250000 
0.125000 0.500000 0.125000 
0.125000 0.500000 0.250000 
0.250000 0.500000 0.250000 
0.125000 0.625000 0.250000 
0.125000 0.500000 0.125000 


## tetrahedra 000000251 ( somm 29 132 131 115)
0.000000 0.500000 0.250000 
0.000000 0.625000 0.125000 
0.125000 0.625000 0.250000 
0.125000 0.500000 0.125000 
0.000000 0.500000 0.250000 
0.125000 0.625000 0.250000 
0.000000 0.625000 0.125000 
0.125000 0.500000 0.125000 


## tetrahedra 000000252 ( somm 116 133 117 29)
0.000000 0.500000 0.375000 
0.000000 0.625000 0.375000 
0.125000 0.500000 0.375000 
0.000000 0.500000 0.250000 
0.000000 0.500000 0.375000 
0.125000 0.500000 0.375000 
0.000000 0.625000 0.375000 
0.000000 0.500000 0.250000 


## tetrahedra 000000253 ( somm 116 117 133 8)
0.000000 0.500000 0.375000 
0.125000 0.500000 0.375000 
0.000000 0.625000 0.375000 
0.000000 0.500000 0.500000 
0.000000 0.500000 0.375000 
0.000000 0.625000 0.375000 
0.125000 0.500000 0.375000 
0.000000 0.500000 0.500000 


## tetrahedra 000000254 ( somm 110 30 131 117)
0.125000 0.500000 0.250000 
0.250000 0.500000 0.250000 
0.125000 0.625000 0.250000 
0.125000 0.500000 0.375000 
0.125000 0.500000 0.250000 
0.125000 0.625000 0.250000 
0.250000 0.500000 0.250000 
0.125000 0.500000 0.375000 


## tetrahedra 000000255 ( somm 110 131 29 117)
0.125000 0.500000 0.250000 
0.125000 0.625000 0.250000 
0.000000 0.500000 0.250000 
0.125000 0.500000 0.375000 
0.125000 0.500000 0.250000 
0.000000 0.500000 0.250000 
0.125000 0.625000 0.250000 
0.125000 0.500000 0.375000 


## tetrahedra 000000256 ( somm 130 29 131 133)
0.000000 0.625000 0.250000 
0.000000 0.500000 0.250000 
0.125000 0.625000 0.250000 
0.000000 0.625000 0.375000 
0.000000 0.625000 0.250000 
0.125000 0.625000 0.250000 
0.000000 0.500000 0.250000 
0.000000 0.625000 0.375000 


## tetrahedra 000000257 ( somm 130 131 33 133)
0.000000 0.625000 0.250000 
0.125000 0.625000 0.250000 
0.000000 0.750000 0.250000 
0.000000 0.625000 0.375000 
0.000000 0.625000 0.250000 
0.000000 0.750000 0.250000 
0.125000 0.625000 0.250000 
0.000000 0.625000 0.375000 


## tetrahedra 000000258 ( somm 29 117 131 133)
0.000000 0.500000 0.250000 
0.125000 0.500000 0.375000 
0.125000 0.625000 0.250000 
0.000000 0.625000 0.375000 
0.000000 0.500000 0.250000 
0.125000 0.625000 0.250000 
0.125000 0.500000 0.375000 
0.000000 0.625000 0.375000 


## tetrahedra 000000259 ( somm 126 136 129 28)
0.250000 0.500000 0.125000 
0.250000 0.625000 0.125000 
0.375000 0.500000 0.125000 
0.250000 0.500000 0.000000 
0.250000 0.500000 0.125000 
0.375000 0.500000 0.125000 
0.250000 0.625000 0.125000 
0.250000 0.500000 0.000000 


## tetrahedra 000000260 ( somm 126 129 136 30)
0.250000 0.500000 0.125000 
0.375000 0.500000 0.125000 
0.250000 0.625000 0.125000 
0.250000 0.500000 0.250000 
0.250000 0.500000 0.125000 
0.250000 0.625000 0.125000 
0.375000 0.500000 0.125000 
0.250000 0.500000 0.250000 


## tetrahedra 000000261 ( somm 128 7 135 129)
0.375000 0.500000 0.000000 
0.500000 0.500000 0.000000 
0.375000 0.625000 0.000000 
0.375000 0.500000 0.125000 
0.375000 0.500000 0.000000 
0.375000 0.625000 0.000000 
0.500000 0.500000 0.000000 
0.375000 0.500000 0.125000 


## tetrahedra 000000262 ( somm 128 135 28 129)
0.375000 0.500000 0.000000 
0.375000 0.625000 0.000000 
0.250000 0.500000 0.000000 
0.375000 0.500000 0.125000 
0.375000 0.500000 0.000000 
0.250000 0.500000 0.000000 
0.375000 0.625000 0.000000 
0.375000 0.500000 0.125000 


## tetrahedra 000000263 ( somm 134 28 135 136)
0.250000 0.625000 0.000000 
0.250000 0.500000 0.000000 
0.375000 0.625000 0.000000 
0.250000 0.625000 0.125000 
0.250000 0.625000 0.000000 
0.375000 0.625000 0.000000 
0.250000 0.500000 0.000000 
0.250000 0.625000 0.125000 


## tetrahedra 000000264 ( somm 134 135 32 136)
0.250000 0.625000 0.000000 
0.375000 0.625000 0.000000 
0.250000 0.750000 0.000000 
0.250000 0.625000 0.125000 
0.250000 0.625000 0.000000 
0.250000 0.750000 0.000000 
0.375000 0.625000 0.000000 
0.250000 0.625000 0.125000 


## tetrahedra 000000265 ( somm 28 129 135 136)
0.250000 0.500000 0.000000 
0.375000 0.500000 0.125000 
0.375000 0.625000 0.000000 
0.250000 0.625000 0.125000 
0.250000 0.500000 0.000000 
0.375000 0.625000 0.000000 
0.375000 0.500000 0.125000 
0.250000 0.625000 0.125000 


## tetrahedra 000000266 ( somm 126 115 136 28)
0.250000 0.500000 0.125000 
0.125000 0.500000 0.125000 
0.250000 0.625000 0.125000 
0.250000 0.500000 0.000000 
0.250000 0.500000 0.125000 
0.250000 0.625000 0.125000 
0.125000 0.500000 0.125000 
0.250000 0.500000 0.000000 


## tetrahedra 000000267 ( somm 126 136 115 30)
0.250000 0.500000 0.125000 
0.250000 0.625000 0.125000 
0.125000 0.500000 0.125000 
0.250000 0.500000 0.250000 
0.250000 0.500000 0.125000 
0.125000 0.500000 0.125000 
0.250000 0.625000 0.125000 
0.250000 0.500000 0.250000 


## tetrahedra 000000268 ( somm 134 32 137 136)
0.250000 0.625000 0.000000 
0.250000 0.750000 0.000000 
0.125000 0.625000 0.000000 
0.250000 0.625000 0.125000 
0.250000 0.625000 0.000000 
0.125000 0.625000 0.000000 
0.250000 0.750000 0.000000 
0.250000 0.625000 0.125000 


## tetrahedra 000000269 ( somm 134 137 28 136)
0.250000 0.625000 0.000000 
0.125000 0.625000 0.000000 
0.250000 0.500000 0.000000 
0.250000 0.625000 0.125000 
0.250000 0.625000 0.000000 
0.250000 0.500000 0.000000 
0.125000 0.625000 0.000000 
0.250000 0.625000 0.125000 


## tetrahedra 000000270 ( somm 124 28 137 115)
0.125000 0.500000 0.000000 
0.250000 0.500000 0.000000 
0.125000 0.625000 0.000000 
0.125000 0.500000 0.125000 
0.125000 0.500000 0.000000 
0.125000 0.625000 0.000000 
0.250000 0.500000 0.000000 
0.125000 0.500000 0.125000 


## tetrahedra 000000271 ( somm 124 137 5 115)
0.125000 0.500000 0.000000 
0.125000 0.625000 0.000000 
0.000000 0.500000 0.000000 
0.125000 0.500000 0.125000 
0.125000 0.500000 0.000000 
0.000000 0.500000 0.000000 
0.125000 0.625000 0.000000 
0.125000 0.500000 0.125000 


## tetrahedra 000000272 ( somm 28 136 137 115)
0.250000 0.500000 0.000000 
0.250000 0.625000 0.125000 
0.125000 0.625000 0.000000 
0.125000 0.500000 0.125000 
0.250000 0.500000 0.000000 
0.125000 0.625000 0.000000 
0.250000 0.625000 0.125000 
0.125000 0.500000 0.125000 


## tetrahedra 000000273 ( somm 140 141 132 31)
0.000000 0.750000 0.125000 
0.125000 0.750000 0.125000 
0.000000 0.625000 0.125000 
0.000000 0.750000 0.000000 
0.000000 0.750000 0.125000 
0.000000 0.625000 0.125000 
0.125000 0.750000 0.125000 
0.000000 0.750000 0.000000 


## tetrahedra 000000274 ( somm 140 132 141 33)
0.000000 0.750000 0.125000 
0.000000 0.625000 0.125000 
0.125000 0.750000 0.125000 
0.000000 0.750000 0.250000 
0.000000 0.750000 0.125000 
0.125000 0.750000 0.125000 
0.000000 0.625000 0.125000 
0.000000 0.750000 0.250000 


## tetrahedra 000000275 ( somm 138 5 137 132)
0.000000 0.625000 0.000000 
0.000000 0.500000 0.000000 
0.125000 0.625000 0.000000 
0.000000 0.625000 0.125000 
0.000000 0.625000 0.000000 
0.125000 0.625000 0.000000 
0.000000 0.500000 0.000000 
0.000000 0.625000 0.125000 


## tetrahedra 000000276 ( somm 138 137 31 132)
0.000000 0.625000 0.000000 
0.125000 0.625000 0.000000 
0.000000 0.750000 0.000000 
0.000000 0.625000 0.125000 
0.000000 0.625000 0.000000 
0.000000 0.750000 0.000000 
0.125000 0.625000 0.000000 
0.000000 0.625000 0.125000 


## tetrahedra 000000277 ( somm 139 31 137 141)
0.125000 0.750000 0.000000 
0.000000 0.750000 0.000000 
0.125000 0.625000 0.000000 
0.125000 0.750000 0.125000 
0.125000 0.750000 0.000000 
0.125000 0.625000 0.000000 
0.000000 0.750000 0.000000 
0.125000 0.750000 0.125000 


## tetrahedra 000000278 ( somm 139 137 32 141)
0.125000 0.750000 0.000000 
0.125000 0.625000 0.000000 
0.250000 0.750000 0.000000 
0.125000 0.750000 0.125000 
0.125000 0.750000 0.000000 
0.250000 0.750000 0.000000 
0.125000 0.625000 0.000000 
0.125000 0.750000 0.125000 


## tetrahedra 000000279 ( somm 31 132 137 141)
0.000000 0.750000 0.000000 
0.000000 0.625000 0.125000 
0.125000 0.625000 0.000000 
0.125000 0.750000 0.125000 
0.000000 0.750000 0.000000 
0.125000 0.625000 0.000000 
0.000000 0.625000 0.125000 
0.125000 0.750000 0.125000 


## tetrahedra 000000280 ( somm 140 144 141 31)
0.000000 0.750000 0.125000 
0.000000 0.875000 0.125000 
0.125000 0.750000 0.125000 
0.000000 0.750000 0.000000 
0.000000 0.750000 0.125000 
0.125000 0.750000 0.125000 
0.000000 0.875000 0.125000 
0.000000 0.750000 0.000000 


## tetrahedra 000000281 ( somm 140 141 144 33)
0.000000 0.750000 0.125000 
0.125000 0.750000 0.125000 
0.000000 0.875000 0.125000 
0.000000 0.750000 0.250000 
0.000000 0.750000 0.125000 
0.000000 0.875000 0.125000 
0.125000 0.750000 0.125000 
0.000000 0.750000 0.250000 


## tetrahedra 000000282 ( somm 139 32 143 141)
0.125000 0.750000 0.000000 
0.250000 0.750000 0.000000 
0.125000 0.875000 0.000000 
0.125000 0.750000 0.125000 
0.125000 0.750000 0.000000 
0.125000 0.875000 0.000000 
0.250000 0.750000 0.000000 
0.125000 0.750000 0.125000 


## tetrahedra 000000283 ( somm 139 143 31 141)
0.125000 0.750000 0.000000 
0.125000 0.875000 0.000000 
0.000000 0.750000 0.000000 
0.125000 0.750000 0.125000 
0.125000 0.750000 0.000000 
0.000000 0.750000 0.000000 
0.125000 0.875000 0.000000 
0.125000 0.750000 0.125000 


## tetrahedra 000000284 ( somm 142 31 143 144)
0.000000 0.875000 0.000000 
0.000000 0.750000 0.000000 
0.125000 0.875000 0.000000 
0.000000 0.875000 0.125000 
0.000000 0.875000 0.000000 
0.125000 0.875000 0.000000 
0.000000 0.750000 0.000000 
0.000000 0.875000 0.125000 


## tetrahedra 000000285 ( somm 142 143 2 144)
0.000000 0.875000 0.000000 
0.125000 0.875000 0.000000 
0.000000 1.000000 0.000000 
0.000000 0.875000 0.125000 
0.000000 0.875000 0.000000 
0.000000 1.000000 0.000000 
0.125000 0.875000 0.000000 
0.000000 0.875000 0.125000 


## tetrahedra 000000286 ( somm 31 141 143 144)
0.000000 0.750000 0.000000 
0.125000 0.750000 0.125000 
0.125000 0.875000 0.000000 
0.000000 0.875000 0.125000 
0.000000 0.750000 0.000000 
0.125000 0.875000 0.000000 
0.125000 0.750000 0.125000 
0.000000 0.875000 0.125000 


## tetrahedra 000000287 ( somm 132 141 131 5)
0.000000 0.625000 0.125000 
0.125000 0.750000 0.125000 
0.125000 0.625000 0.250000 
0.000000 0.500000 0.000000 
0.000000 0.625000 0.125000 
0.125000 0.625000 0.250000 
0.125000 0.750000 0.125000 
0.000000 0.500000 0.000000 


## tetrahedra 000000288 ( somm 132 131 141 33)
0.000000 0.625000 0.125000 
0.125000 0.625000 0.250000 
0.125000 0.750000 0.125000 
0.000000 0.750000 0.250000 
0.000000 0.625000 0.125000 
0.125000 0.750000 0.125000 
0.125000 0.625000 0.250000 
0.000000 0.750000 0.250000 


## tetrahedra 000000289 ( somm 115 30 136 131)
0.125000 0.500000 0.125000 
0.250000 0.500000 0.250000 
0.250000 0.625000 0.125000 
0.125000 0.625000 0.250000 
0.125000 0.500000 0.125000 
0.250000 0.625000 0.125000 
0.250000 0.500000 0.250000 
0.125000 0.625000 0.250000 


## tetrahedra 000000290 ( somm 115 136 5 131)
0.125000 0.500000 0.125000 
0.250000 0.625000 0.125000 
0.000000 0.500000 0.000000 
0.125000 0.625000 0.250000 
0.125000 0.500000 0.125000 
0.000000 0.500000 0.000000 
0.250000 0.625000 0.125000 
0.125000 0.625000 0.250000 


## tetrahedra 000000291 ( somm 137 5 136 141)
0.125000 0.625000 0.000000 
0.000000 0.500000 0.000000 
0.250000 0.625000 0.125000 
0.125000 0.750000 0.125000 
0.125000 0.625000 0.000000 
0.250000 0.625000 0.125000 
0.000000 0.500000 0.000000 
0.125000 0.750000 0.125000 


## tetrahedra 000000292 ( somm 137 136 32 141)
0.125000 0.625000 0.000000 
0.250000 0.625000 0.125000 
0.250000 0.750000 0.000000 
0.125000 0.750000 0.125000 
0.125000 0.625000 0.000000 
0.250000 0.750000 0.000000 
0.250000 0.625000 0.125000 
0.125000 0.750000 0.125000 


## tetrahedra 000000293 ( somm 5 131 136 141)
0.000000 0.500000 0.000000 
0.125000 0.625000 0.250000 
0.250000 0.625000 0.125000 
0.125000 0.750000 0.125000 
0.000000 0.500000 0.000000 
0.250000 0.625000 0.125000 
0.125000 0.625000 0.250000 
0.125000 0.750000 0.125000 


## tetrahedra 000000294 ( somm 42 146 147 15)
0.000000 0.125000 0.125000 
0.125000 0.125000 0.250000 
0.125000 0.250000 0.125000 
0.000000 0.250000 0.250000 
0.000000 0.125000 0.125000 
0.125000 0.250000 0.125000 
0.125000 0.125000 0.250000 
0.000000 0.250000 0.250000 


## tetrahedra 000000295 ( somm 42 147 146 0)
0.000000 0.125000 0.125000 
0.125000 0.250000 0.125000 
0.125000 0.125000 0.250000 
0.000000 0.000000 0.000000 
0.000000 0.125000 0.125000 
0.125000 0.125000 0.250000 
0.125000 0.250000 0.125000 
0.000000 0.000000 0.000000 


## tetrahedra 000000296 ( somm 113 30 145 147)
0.125000 0.375000 0.250000 
0.250000 0.500000 0.250000 
0.250000 0.375000 0.375000 
0.125000 0.250000 0.125000 
0.125000 0.375000 0.250000 
0.250000 0.375000 0.375000 
0.250000 0.500000 0.250000 
0.125000 0.250000 0.125000 


## tetrahedra 000000297 ( somm 113 145 15 147)
0.125000 0.375000 0.250000 
0.250000 0.375000 0.375000 
0.000000 0.250000 0.250000 
0.125000 0.250000 0.125000 
0.125000 0.375000 0.250000 
0.000000 0.250000 0.250000 
0.250000 0.375000 0.375000 
0.125000 0.250000 0.125000 


## tetrahedra 000000298 ( somm 47 15 145 146)
0.125000 0.250000 0.375000 
0.000000 0.250000 0.250000 
0.250000 0.375000 0.375000 
0.125000 0.125000 0.250000 
0.125000 0.250000 0.375000 
0.250000 0.375000 0.375000 
0.000000 0.250000 0.250000 
0.125000 0.125000 0.250000 


## tetrahedra 000000299 ( somm 47 145 13 146)
0.125000 0.250000 0.375000 
0.250000 0.375000 0.375000 
0.250000 0.250000 0.500000 
0.125000 0.125000 0.250000 
0.125000 0.250000 0.375000 
0.250000 0.250000 0.500000 
0.250000 0.375000 0.375000 
0.125000 0.125000 0.250000 


## tetrahedra 000000300 ( somm 15 147 145 146)
0.000000 0.250000 0.250000 
0.125000 0.250000 0.125000 
0.250000 0.375000 0.375000 
0.125000 0.125000 0.250000 
0.000000 0.250000 0.250000 
0.250000 0.375000 0.375000 
0.125000 0.250000 0.125000 
0.125000 0.125000 0.250000 


## tetrahedra 000000301 ( somm 48 117 46 15)
0.000000 0.375000 0.375000 
0.125000 0.500000 0.375000 
0.125000 0.375000 0.500000 
0.000000 0.250000 0.250000 
0.000000 0.375000 0.375000 
0.125000 0.375000 0.500000 
0.125000 0.500000 0.375000 
0.000000 0.250000 0.250000 


## tetrahedra 000000302 ( somm 48 46 117 8)
0.000000 0.375000 0.375000 
0.125000 0.375000 0.500000 
0.125000 0.500000 0.375000 
0.000000 0.500000 0.500000 
0.000000 0.375000 0.375000 
0.125000 0.500000 0.375000 
0.125000 0.375000 0.500000 
0.000000 0.500000 0.500000 


## tetrahedra 000000303 ( somm 47 13 145 46)
0.125000 0.250000 0.375000 
0.250000 0.250000 0.500000 
0.250000 0.375000 0.375000 
0.125000 0.375000 0.500000 
0.125000 0.250000 0.375000 
0.250000 0.375000 0.375000 
0.250000 0.250000 0.500000 
0.125000 0.375000 0.500000 


## tetrahedra 000000304 ( somm 47 145 15 46)
0.125000 0.250000 0.375000 
0.250000 0.375000 0.375000 
0.000000 0.250000 0.250000 
0.125000 0.375000 0.500000 
0.125000 0.250000 0.375000 
0.000000 0.250000 0.250000 
0.250000 0.375000 0.375000 
0.125000 0.375000 0.500000 


## tetrahedra 000000305 ( somm 113 15 145 117)
0.125000 0.375000 0.250000 
0.000000 0.250000 0.250000 
0.250000 0.375000 0.375000 
0.125000 0.500000 0.375000 
0.125000 0.375000 0.250000 
0.250000 0.375000 0.375000 
0.000000 0.250000 0.250000 
0.125000 0.500000 0.375000 


## tetrahedra 000000306 ( somm 113 145 30 117)
0.125000 0.375000 0.250000 
0.250000 0.375000 0.375000 
0.250000 0.500000 0.250000 
0.125000 0.500000 0.375000 
0.125000 0.375000 0.250000 
0.250000 0.500000 0.250000 
0.250000 0.375000 0.375000 
0.125000 0.500000 0.375000 


## tetrahedra 000000307 ( somm 15 46 145 117)
0.000000 0.250000 0.250000 
0.125000 0.375000 0.500000 
0.250000 0.375000 0.375000 
0.125000 0.500000 0.375000 
0.000000 0.250000 0.250000 
0.250000 0.375000 0.375000 
0.125000 0.375000 0.500000 
0.125000 0.500000 0.375000 


## tetrahedra 000000308 ( somm 54 148 56 14)
0.250000 0.125000 0.375000 
0.375000 0.250000 0.375000 
0.375000 0.125000 0.500000 
0.250000 0.000000 0.250000 
0.250000 0.125000 0.375000 
0.375000 0.125000 0.500000 
0.375000 0.250000 0.375000 
0.250000 0.000000 0.250000 


## tetrahedra 000000309 ( somm 54 56 148 13)
0.250000 0.125000 0.375000 
0.375000 0.125000 0.500000 
0.375000 0.250000 0.375000 
0.250000 0.250000 0.500000 
0.250000 0.125000 0.375000 
0.375000 0.250000 0.375000 
0.375000 0.125000 0.500000 
0.250000 0.250000 0.500000 


## tetrahedra 000000310 ( somm 57 9 80 56)
0.375000 0.000000 0.375000 
0.500000 0.000000 0.500000 
0.500000 0.125000 0.375000 
0.375000 0.125000 0.500000 
0.375000 0.000000 0.375000 
0.500000 0.125000 0.375000 
0.500000 0.000000 0.500000 
0.375000 0.125000 0.500000 


## tetrahedra 000000311 ( somm 57 80 14 56)
0.375000 0.000000 0.375000 
0.500000 0.125000 0.375000 
0.250000 0.000000 0.250000 
0.375000 0.125000 0.500000 
0.375000 0.000000 0.375000 
0.250000 0.000000 0.250000 
0.500000 0.125000 0.375000 
0.375000 0.125000 0.500000 


## tetrahedra 000000312 ( somm 98 14 80 148)
0.375000 0.125000 0.250000 
0.250000 0.000000 0.250000 
0.500000 0.125000 0.375000 
0.375000 0.250000 0.375000 
0.375000 0.125000 0.250000 
0.500000 0.125000 0.375000 
0.250000 0.000000 0.250000 
0.375000 0.250000 0.375000 


## tetrahedra 000000313 ( somm 98 80 23 148)
0.375000 0.125000 0.250000 
0.500000 0.125000 0.375000 
0.500000 0.250000 0.250000 
0.375000 0.250000 0.375000 
0.375000 0.125000 0.250000 
0.500000 0.250000 0.250000 
0.500000 0.125000 0.375000 
0.375000 0.250000 0.375000 


## tetrahedra 000000314 ( somm 14 56 80 148)
0.250000 0.000000 0.250000 
0.375000 0.125000 0.500000 
0.500000 0.125000 0.375000 
0.375000 0.250000 0.375000 
0.250000 0.000000 0.250000 
0.500000 0.125000 0.375000 
0.375000 0.125000 0.500000 
0.375000 0.250000 0.375000 


## tetrahedra 000000315 ( somm 54 146 148 14)
0.250000 0.125000 0.375000 
0.125000 0.125000 0.250000 
0.375000 0.250000 0.375000 
0.250000 0.000000 0.250000 
0.250000 0.125000 0.375000 
0.375000 0.250000 0.375000 
0.125000 0.125000 0.250000 
0.250000 0.000000 0.250000 


## tetrahedra 000000316 ( somm 54 148 146 13)
0.250000 0.125000 0.375000 
0.375000 0.250000 0.375000 
0.125000 0.125000 0.250000 
0.250000 0.250000 0.500000 
0.250000 0.125000 0.375000 
0.125000 0.125000 0.250000 
0.375000 0.250000 0.375000 
0.250000 0.250000 0.500000 


## tetrahedra 000000317 ( somm 98 23 149 148)
0.375000 0.125000 0.250000 
0.500000 0.250000 0.250000 
0.250000 0.125000 0.125000 
0.375000 0.250000 0.375000 
0.375000 0.125000 0.250000 
0.250000 0.125000 0.125000 
0.500000 0.250000 0.250000 
0.375000 0.250000 0.375000 


## tetrahedra 000000318 ( somm 98 149 14 148)
0.375000 0.125000 0.250000 
0.250000 0.125000 0.125000 
0.250000 0.000000 0.250000 
0.375000 0.250000 0.375000 
0.375000 0.125000 0.250000 
0.250000 0.000000 0.250000 
0.250000 0.125000 0.125000 
0.375000 0.250000 0.375000 


## tetrahedra 000000319 ( somm 41 14 149 146)
0.125000 0.000000 0.125000 
0.250000 0.000000 0.250000 
0.250000 0.125000 0.125000 
0.125000 0.125000 0.250000 
0.125000 0.000000 0.125000 
0.250000 0.125000 0.125000 
0.250000 0.000000 0.250000 
0.125000 0.125000 0.250000 


## tetrahedra 000000320 ( somm 41 149 0 146)
0.125000 0.000000 0.125000 
0.250000 0.125000 0.125000 
0.000000 0.000000 0.000000 
0.125000 0.125000 0.250000 
0.125000 0.000000 0.125000 
0.000000 0.000000 0.000000 
0.250000 0.125000 0.125000 
0.125000 0.125000 0.250000 


## tetrahedra 000000321 ( somm 14 148 149 146)
0.250000 0.000000 0.250000 
0.375000 0.250000 0.375000 
0.250000 0.125000 0.125000 
0.125000 0.125000 0.250000 
0.250000 0.000000 0.250000 
0.250000 0.125000 0.125000 
0.375000 0.250000 0.375000 
0.125000 0.125000 0.250000 


## tetrahedra 000000322 ( somm 127 150 147 26)
0.250000 0.375000 0.125000 
0.375000 0.375000 0.250000 
0.125000 0.250000 0.125000 
0.250000 0.250000 0.000000 
0.250000 0.375000 0.125000 
0.125000 0.250000 0.125000 
0.375000 0.375000 0.250000 
0.250000 0.250000 0.000000 


## tetrahedra 000000323 ( somm 127 147 150 30)
0.250000 0.375000 0.125000 
0.125000 0.250000 0.125000 
0.375000 0.375000 0.250000 
0.250000 0.500000 0.250000 
0.250000 0.375000 0.125000 
0.375000 0.375000 0.250000 
0.125000 0.250000 0.125000 
0.250000 0.500000 0.250000 


## tetrahedra 000000324 ( somm 109 0 149 147)
0.125000 0.125000 0.000000 
0.000000 0.000000 0.000000 
0.250000 0.125000 0.125000 
0.125000 0.250000 0.125000 
0.125000 0.125000 0.000000 
0.250000 0.125000 0.125000 
0.000000 0.000000 0.000000 
0.125000 0.250000 0.125000 


## tetrahedra 000000325 ( somm 109 149 26 147)
0.125000 0.125000 0.000000 
0.250000 0.125000 0.125000 
0.250000 0.250000 0.000000 
0.125000 0.250000 0.125000 
0.125000 0.125000 0.000000 
0.250000 0.250000 0.000000 
0.250000 0.125000 0.125000 
0.125000 0.250000 0.125000 


## tetrahedra 000000326 ( somm 102 26 149 150)
0.375000 0.250000 0.125000 
0.250000 0.250000 0.000000 
0.250000 0.125000 0.125000 
0.375000 0.375000 0.250000 
0.375000 0.250000 0.125000 
0.250000 0.125000 0.125000 
0.250000 0.250000 0.000000 
0.375000 0.375000 0.250000 


## tetrahedra 000000327 ( somm 102 149 23 150)
0.375000 0.250000 0.125000 
0.250000 0.125000 0.125000 
0.500000 0.250000 0.250000 
0.375000 0.375000 0.250000 
0.375000 0.250000 0.125000 
0.500000 0.250000 0.250000 
0.250000 0.125000 0.125000 
0.375000 0.375000 0.250000 


## tetrahedra 000000328 ( somm 26 147 149 150)
0.250000 0.250000 0.000000 
0.125000 0.250000 0.125000 
0.250000 0.125000 0.125000 
0.375000 0.375000 0.250000 
0.250000 0.250000 0.000000 
0.250000 0.125000 0.125000 
0.125000 0.250000 0.125000 
0.375000 0.375000 0.250000 


## tetrahedra 000000329 ( somm 127 129 150 26)
0.250000 0.375000 0.125000 
0.375000 0.500000 0.125000 
0.375000 0.375000 0.250000 
0.250000 0.250000 0.000000 
0.250000 0.375000 0.125000 
0.375000 0.375000 0.250000 
0.375000 0.500000 0.125000 
0.250000 0.250000 0.000000 


## tetrahedra 000000330 ( somm 127 150 129 30)
0.250000 0.375000 0.125000 
0.375000 0.375000 0.250000 
0.375000 0.500000 0.125000 
0.250000 0.500000 0.250000 
0.250000 0.375000 0.125000 
0.375000 0.500000 0.125000 
0.375000 0.375000 0.250000 
0.250000 0.500000 0.250000 


## tetrahedra 000000331 ( somm 102 23 96 150)
0.375000 0.250000 0.125000 
0.500000 0.250000 0.250000 
0.500000 0.375000 0.125000 
0.375000 0.375000 0.250000 
0.375000 0.250000 0.125000 
0.500000 0.375000 0.125000 
0.500000 0.250000 0.250000 
0.375000 0.375000 0.250000 


## tetrahedra 000000332 ( somm 102 96 26 150)
0.375000 0.250000 0.125000 
0.500000 0.375000 0.125000 
0.250000 0.250000 0.000000 
0.375000 0.375000 0.250000 
0.375000 0.250000 0.125000 
0.250000 0.250000 0.000000 
0.500000 0.375000 0.125000 
0.375000 0.375000 0.250000 


## tetrahedra 000000333 ( somm 101 26 96 129)
0.375000 0.375000 0.000000 
0.250000 0.250000 0.000000 
0.500000 0.375000 0.125000 
0.375000 0.500000 0.125000 
0.375000 0.375000 0.000000 
0.500000 0.375000 0.125000 
0.250000 0.250000 0.000000 
0.375000 0.500000 0.125000 


## tetrahedra 000000334 ( somm 101 96 7 129)
0.375000 0.375000 0.000000 
0.500000 0.375000 0.125000 
0.500000 0.500000 0.000000 
0.375000 0.500000 0.125000 
0.375000 0.375000 0.000000 
0.500000 0.500000 0.000000 
0.500000 0.375000 0.125000 
0.375000 0.500000 0.125000 


## tetrahedra 000000335 ( somm 26 150 96 129)
0.250000 0.250000 0.000000 
0.375000 0.375000 0.250000 
0.500000 0.375000 0.125000 
0.375000 0.500000 0.125000 
0.250000 0.250000 0.000000 
0.500000 0.375000 0.125000 
0.375000 0.375000 0.250000 
0.375000 0.500000 0.125000 


## tetrahedra 000000336 ( somm 147 150 145 0)
0.125000 0.250000 0.125000 
0.375000 0.375000 0.250000 
0.250000 0.375000 0.375000 
0.000000 0.000000 0.000000 
0.125000 0.250000 0.125000 
0.250000 0.375000 0.375000 
0.375000 0.375000 0.250000 
0.000000 0.000000 0.000000 


## tetrahedra 000000337 ( somm 147 145 150 30)
0.125000 0.250000 0.125000 
0.250000 0.375000 0.375000 
0.375000 0.375000 0.250000 
0.250000 0.500000 0.250000 
0.125000 0.250000 0.125000 
0.375000 0.375000 0.250000 
0.250000 0.375000 0.375000 
0.250000 0.500000 0.250000 


## tetrahedra 000000338 ( somm 146 13 148 145)
0.125000 0.125000 0.250000 
0.250000 0.250000 0.500000 
0.375000 0.250000 0.375000 
0.250000 0.375000 0.375000 
0.125000 0.125000 0.250000 
0.375000 0.250000 0.375000 
0.250000 0.250000 0.500000 
0.250000 0.375000 0.375000 


## tetrahedra 000000339 ( somm 146 148 0 145)
0.125000 0.125000 0.250000 
0.375000 0.250000 0.375000 
0.000000 0.000000 0.000000 
0.250000 0.375000 0.375000 
0.125000 0.125000 0.250000 
0.000000 0.000000 0.000000 
0.375000 0.250000 0.375000 
0.250000 0.375000 0.375000 


## tetrahedra 000000340 ( somm 149 0 148 150)
0.250000 0.125000 0.125000 
0.000000 0.000000 0.000000 
0.375000 0.250000 0.375000 
0.375000 0.375000 0.250000 
0.250000 0.125000 0.125000 
0.375000 0.250000 0.375000 
0.000000 0.000000 0.000000 
0.375000 0.375000 0.250000 


## tetrahedra 000000341 ( somm 149 148 23 150)
0.250000 0.125000 0.125000 
0.375000 0.250000 0.375000 
0.500000 0.250000 0.250000 
0.375000 0.375000 0.250000 
0.250000 0.125000 0.125000 
0.500000 0.250000 0.250000 
0.375000 0.250000 0.375000 
0.375000 0.375000 0.250000 


## tetrahedra 000000342 ( somm 0 145 148 150)
0.000000 0.000000 0.000000 
0.250000 0.375000 0.375000 
0.375000 0.250000 0.375000 
0.375000 0.375000 0.250000 
0.000000 0.000000 0.000000 
0.375000 0.250000 0.375000 
0.250000 0.375000 0.375000 
0.375000 0.375000 0.250000 


