## triangle on face 000000000 ( somm 0 53 55 )
0.000000 0.000000 0.000000 
0.125000 0.000000 0.000000 
0.000000 0.000000 0.125000 
0.000000 0.000000 0.000000 


## triangle on face 000000001 ( somm 11 58 53 )
0.250000 0.000000 0.000000 
0.125000 0.000000 0.125000 
0.125000 0.000000 0.000000 
0.250000 0.000000 0.000000 


## triangle on face 000000002 ( somm 55 58 13 )
0.000000 0.000000 0.125000 
0.125000 0.000000 0.125000 
0.000000 0.000000 0.250000 
0.000000 0.000000 0.125000 


## triangle on face 000000003 ( somm 53 58 55 )
0.125000 0.000000 0.000000 
0.125000 0.000000 0.125000 
0.000000 0.000000 0.125000 
0.125000 0.000000 0.000000 


## triangle on face 000000004 ( somm 4 61 60 )
0.500000 0.000000 0.000000 
0.375000 0.000000 0.125000 
0.375000 0.000000 0.000000 
0.500000 0.000000 0.000000 


## triangle on face 000000005 ( somm 16 63 61 )
0.250000 0.000000 0.250000 
0.250000 0.000000 0.125000 
0.375000 0.000000 0.125000 
0.250000 0.000000 0.250000 


## triangle on face 000000006 ( somm 60 63 11 )
0.375000 0.000000 0.000000 
0.250000 0.000000 0.125000 
0.250000 0.000000 0.000000 
0.375000 0.000000 0.000000 


## triangle on face 000000007 ( somm 61 63 60 )
0.375000 0.000000 0.125000 
0.250000 0.000000 0.125000 
0.375000 0.000000 0.000000 
0.375000 0.000000 0.125000 


## triangle on face 000000008 ( somm 13 71 73 )
0.000000 0.000000 0.250000 
0.125000 0.000000 0.250000 
0.000000 0.000000 0.375000 
0.000000 0.000000 0.250000 


## triangle on face 000000009 ( somm 16 76 71 )
0.250000 0.000000 0.250000 
0.125000 0.000000 0.375000 
0.125000 0.000000 0.250000 
0.250000 0.000000 0.250000 


## triangle on face 000000010 ( somm 73 76 6 )
0.000000 0.000000 0.375000 
0.125000 0.000000 0.375000 
0.000000 0.000000 0.500000 
0.000000 0.000000 0.375000 


## triangle on face 000000011 ( somm 71 76 73 )
0.125000 0.000000 0.250000 
0.125000 0.000000 0.375000 
0.000000 0.000000 0.375000 
0.125000 0.000000 0.250000 


## triangle on face 000000012 ( somm 11 63 58 )
0.250000 0.000000 0.000000 
0.250000 0.000000 0.125000 
0.125000 0.000000 0.125000 
0.250000 0.000000 0.000000 


## triangle on face 000000013 ( somm 16 71 63 )
0.250000 0.000000 0.250000 
0.125000 0.000000 0.250000 
0.250000 0.000000 0.125000 
0.250000 0.000000 0.250000 


## triangle on face 000000014 ( somm 58 71 13 )
0.125000 0.000000 0.125000 
0.125000 0.000000 0.250000 
0.000000 0.000000 0.250000 
0.125000 0.000000 0.125000 


## triangle on face 000000015 ( somm 63 71 58 )
0.250000 0.000000 0.125000 
0.125000 0.000000 0.250000 
0.125000 0.000000 0.125000 
0.250000 0.000000 0.125000 


## triangle on face 000000016 ( somm 1 85 84 )
1.000000 0.000000 0.000000 
0.875000 0.000000 0.125000 
0.875000 0.000000 0.000000 
1.000000 0.000000 0.000000 


## triangle on face 000000017 ( somm 19 87 85 )
0.750000 0.000000 0.250000 
0.750000 0.000000 0.125000 
0.875000 0.000000 0.125000 
0.750000 0.000000 0.250000 


## triangle on face 000000018 ( somm 84 87 18 )
0.875000 0.000000 0.000000 
0.750000 0.000000 0.125000 
0.750000 0.000000 0.000000 
0.875000 0.000000 0.000000 


## triangle on face 000000019 ( somm 85 87 84 )
0.875000 0.000000 0.125000 
0.750000 0.000000 0.125000 
0.875000 0.000000 0.000000 
0.875000 0.000000 0.125000 


## triangle on face 000000020 ( somm 9 105 103 )
0.500000 0.000000 0.500000 
0.500000 0.000000 0.375000 
0.625000 0.000000 0.375000 
0.500000 0.000000 0.500000 


## triangle on face 000000021 ( somm 21 102 105 )
0.500000 0.000000 0.250000 
0.625000 0.000000 0.250000 
0.500000 0.000000 0.375000 
0.500000 0.000000 0.250000 


## triangle on face 000000022 ( somm 103 102 19 )
0.625000 0.000000 0.375000 
0.625000 0.000000 0.250000 
0.750000 0.000000 0.250000 
0.625000 0.000000 0.375000 


## triangle on face 000000023 ( somm 105 102 103 )
0.500000 0.000000 0.375000 
0.625000 0.000000 0.250000 
0.625000 0.000000 0.375000 
0.500000 0.000000 0.375000 


## triangle on face 000000024 ( somm 18 100 95 )
0.750000 0.000000 0.000000 
0.625000 0.000000 0.125000 
0.625000 0.000000 0.000000 
0.750000 0.000000 0.000000 


## triangle on face 000000025 ( somm 21 97 100 )
0.500000 0.000000 0.250000 
0.500000 0.000000 0.125000 
0.625000 0.000000 0.125000 
0.500000 0.000000 0.250000 


## triangle on face 000000026 ( somm 95 97 4 )
0.625000 0.000000 0.000000 
0.500000 0.000000 0.125000 
0.500000 0.000000 0.000000 
0.625000 0.000000 0.000000 


## triangle on face 000000027 ( somm 100 97 95 )
0.625000 0.000000 0.125000 
0.500000 0.000000 0.125000 
0.625000 0.000000 0.000000 
0.625000 0.000000 0.125000 


## triangle on face 000000028 ( somm 19 102 87 )
0.750000 0.000000 0.250000 
0.625000 0.000000 0.250000 
0.750000 0.000000 0.125000 
0.750000 0.000000 0.250000 


## triangle on face 000000029 ( somm 21 100 102 )
0.500000 0.000000 0.250000 
0.625000 0.000000 0.125000 
0.625000 0.000000 0.250000 
0.500000 0.000000 0.250000 


## triangle on face 000000030 ( somm 87 100 18 )
0.750000 0.000000 0.125000 
0.625000 0.000000 0.125000 
0.750000 0.000000 0.000000 
0.750000 0.000000 0.125000 


## triangle on face 000000031 ( somm 102 100 87 )
0.625000 0.000000 0.250000 
0.625000 0.000000 0.125000 
0.750000 0.000000 0.125000 
0.625000 0.000000 0.250000 


## triangle on face 000000032 ( somm 6 143 145 )
0.000000 0.000000 0.500000 
0.125000 0.000000 0.500000 
0.000000 0.000000 0.625000 
0.000000 0.000000 0.500000 


## triangle on face 000000033 ( somm 29 148 143 )
0.250000 0.000000 0.500000 
0.125000 0.000000 0.625000 
0.125000 0.000000 0.500000 
0.250000 0.000000 0.500000 


## triangle on face 000000034 ( somm 145 148 31 )
0.000000 0.000000 0.625000 
0.125000 0.000000 0.625000 
0.000000 0.000000 0.750000 
0.000000 0.000000 0.625000 


## triangle on face 000000035 ( somm 143 148 145 )
0.125000 0.000000 0.500000 
0.125000 0.000000 0.625000 
0.000000 0.000000 0.625000 
0.125000 0.000000 0.500000 


## triangle on face 000000036 ( somm 9 151 150 )
0.500000 0.000000 0.500000 
0.375000 0.000000 0.625000 
0.375000 0.000000 0.500000 
0.500000 0.000000 0.500000 


## triangle on face 000000037 ( somm 34 153 151 )
0.250000 0.000000 0.750000 
0.250000 0.000000 0.625000 
0.375000 0.000000 0.625000 
0.250000 0.000000 0.750000 


## triangle on face 000000038 ( somm 150 153 29 )
0.375000 0.000000 0.500000 
0.250000 0.000000 0.625000 
0.250000 0.000000 0.500000 
0.375000 0.000000 0.500000 


## triangle on face 000000039 ( somm 151 153 150 )
0.375000 0.000000 0.625000 
0.250000 0.000000 0.625000 
0.375000 0.000000 0.500000 
0.375000 0.000000 0.625000 


## triangle on face 000000040 ( somm 31 161 163 )
0.000000 0.000000 0.750000 
0.125000 0.000000 0.750000 
0.000000 0.000000 0.875000 
0.000000 0.000000 0.750000 


## triangle on face 000000041 ( somm 34 166 161 )
0.250000 0.000000 0.750000 
0.125000 0.000000 0.875000 
0.125000 0.000000 0.750000 
0.250000 0.000000 0.750000 


## triangle on face 000000042 ( somm 163 166 3 )
0.000000 0.000000 0.875000 
0.125000 0.000000 0.875000 
0.000000 0.000000 1.000000 
0.000000 0.000000 0.875000 


## triangle on face 000000043 ( somm 161 166 163 )
0.125000 0.000000 0.750000 
0.125000 0.000000 0.875000 
0.000000 0.000000 0.875000 
0.125000 0.000000 0.750000 


## triangle on face 000000044 ( somm 29 153 148 )
0.250000 0.000000 0.500000 
0.250000 0.000000 0.625000 
0.125000 0.000000 0.625000 
0.250000 0.000000 0.500000 


## triangle on face 000000045 ( somm 34 161 153 )
0.250000 0.000000 0.750000 
0.125000 0.000000 0.750000 
0.250000 0.000000 0.625000 
0.250000 0.000000 0.750000 


## triangle on face 000000046 ( somm 148 161 31 )
0.125000 0.000000 0.625000 
0.125000 0.000000 0.750000 
0.000000 0.000000 0.750000 
0.125000 0.000000 0.625000 


## triangle on face 000000047 ( somm 153 161 148 )
0.250000 0.000000 0.625000 
0.125000 0.000000 0.750000 
0.125000 0.000000 0.625000 
0.250000 0.000000 0.625000 


## triangle on face 000000048 ( somm 4 97 61 )
0.500000 0.000000 0.000000 
0.500000 0.000000 0.125000 
0.375000 0.000000 0.125000 
0.500000 0.000000 0.000000 


## triangle on face 000000049 ( somm 21 254 97 )
0.500000 0.000000 0.250000 
0.375000 0.000000 0.250000 
0.500000 0.000000 0.125000 
0.500000 0.000000 0.250000 


## triangle on face 000000050 ( somm 61 254 16 )
0.375000 0.000000 0.125000 
0.375000 0.000000 0.250000 
0.250000 0.000000 0.250000 
0.375000 0.000000 0.125000 


## triangle on face 000000051 ( somm 97 254 61 )
0.500000 0.000000 0.125000 
0.375000 0.000000 0.250000 
0.375000 0.000000 0.125000 
0.500000 0.000000 0.125000 


## triangle on face 000000052 ( somm 9 150 105 )
0.500000 0.000000 0.500000 
0.375000 0.000000 0.500000 
0.500000 0.000000 0.375000 
0.500000 0.000000 0.500000 


## triangle on face 000000053 ( somm 29 256 150 )
0.250000 0.000000 0.500000 
0.375000 0.000000 0.375000 
0.375000 0.000000 0.500000 
0.250000 0.000000 0.500000 


## triangle on face 000000054 ( somm 105 256 21 )
0.500000 0.000000 0.375000 
0.375000 0.000000 0.375000 
0.500000 0.000000 0.250000 
0.500000 0.000000 0.375000 


## triangle on face 000000055 ( somm 150 256 105 )
0.375000 0.000000 0.500000 
0.375000 0.000000 0.375000 
0.500000 0.000000 0.375000 
0.375000 0.000000 0.500000 


## triangle on face 000000056 ( somm 16 255 76 )
0.250000 0.000000 0.250000 
0.250000 0.000000 0.375000 
0.125000 0.000000 0.375000 
0.250000 0.000000 0.250000 


## triangle on face 000000057 ( somm 29 143 255 )
0.250000 0.000000 0.500000 
0.125000 0.000000 0.500000 
0.250000 0.000000 0.375000 
0.250000 0.000000 0.500000 


## triangle on face 000000058 ( somm 76 143 6 )
0.125000 0.000000 0.375000 
0.125000 0.000000 0.500000 
0.000000 0.000000 0.500000 
0.125000 0.000000 0.375000 


## triangle on face 000000059 ( somm 255 143 76 )
0.250000 0.000000 0.375000 
0.125000 0.000000 0.500000 
0.125000 0.000000 0.375000 
0.250000 0.000000 0.375000 


## triangle on face 000000060 ( somm 21 256 254 )
0.500000 0.000000 0.250000 
0.375000 0.000000 0.375000 
0.375000 0.000000 0.250000 
0.500000 0.000000 0.250000 


## triangle on face 000000061 ( somm 29 255 256 )
0.250000 0.000000 0.500000 
0.250000 0.000000 0.375000 
0.375000 0.000000 0.375000 
0.250000 0.000000 0.500000 


## triangle on face 000000062 ( somm 254 255 16 )
0.375000 0.000000 0.250000 
0.250000 0.000000 0.375000 
0.250000 0.000000 0.250000 
0.375000 0.000000 0.250000 


## triangle on face 000000063 ( somm 256 255 254 )
0.375000 0.000000 0.375000 
0.250000 0.000000 0.375000 
0.375000 0.000000 0.250000 
0.375000 0.000000 0.375000 


## triangle on face 000000064 ( somm 0 55 54 )
0.000000 0.000000 0.000000 
0.000000 0.000000 0.125000 
0.062500 0.108253 0.000000 
0.000000 0.000000 0.000000 


## triangle on face 000000065 ( somm 13 57 55 )
0.000000 0.000000 0.250000 
0.062500 0.108253 0.125000 
0.000000 0.000000 0.125000 
0.000000 0.000000 0.250000 


## triangle on face 000000066 ( somm 54 57 12 )
0.062500 0.108253 0.000000 
0.062500 0.108253 0.125000 
0.125000 0.216506 0.000000 
0.062500 0.108253 0.000000 


## triangle on face 000000067 ( somm 55 57 54 )
0.000000 0.000000 0.125000 
0.062500 0.108253 0.125000 
0.062500 0.108253 0.000000 
0.000000 0.000000 0.125000 


## triangle on face 000000068 ( somm 6 75 73 )
0.000000 0.000000 0.500000 
0.062500 0.108253 0.375000 
0.000000 0.000000 0.375000 
0.000000 0.000000 0.500000 


## triangle on face 000000069 ( somm 15 72 75 )
0.125000 0.216506 0.250000 
0.062500 0.108253 0.250000 
0.062500 0.108253 0.375000 
0.125000 0.216506 0.250000 


## triangle on face 000000070 ( somm 73 72 13 )
0.000000 0.000000 0.375000 
0.062500 0.108253 0.250000 
0.000000 0.000000 0.250000 
0.000000 0.000000 0.375000 


## triangle on face 000000071 ( somm 75 72 73 )
0.062500 0.108253 0.375000 
0.062500 0.108253 0.250000 
0.000000 0.000000 0.375000 
0.062500 0.108253 0.375000 


## triangle on face 000000072 ( somm 12 70 65 )
0.125000 0.216506 0.000000 
0.125000 0.216506 0.125000 
0.187500 0.324760 0.000000 
0.125000 0.216506 0.000000 


## triangle on face 000000073 ( somm 15 67 70 )
0.125000 0.216506 0.250000 
0.187500 0.324760 0.125000 
0.125000 0.216506 0.125000 
0.125000 0.216506 0.250000 


## triangle on face 000000074 ( somm 65 67 5 )
0.187500 0.324760 0.000000 
0.187500 0.324760 0.125000 
0.250000 0.433013 0.000000 
0.187500 0.324760 0.000000 


## triangle on face 000000075 ( somm 70 67 65 )
0.125000 0.216506 0.125000 
0.187500 0.324760 0.125000 
0.187500 0.324760 0.000000 
0.125000 0.216506 0.125000 


## triangle on face 000000076 ( somm 13 72 57 )
0.000000 0.000000 0.250000 
0.062500 0.108253 0.250000 
0.062500 0.108253 0.125000 
0.000000 0.000000 0.250000 


## triangle on face 000000077 ( somm 15 70 72 )
0.125000 0.216506 0.250000 
0.125000 0.216506 0.125000 
0.062500 0.108253 0.250000 
0.125000 0.216506 0.250000 


## triangle on face 000000078 ( somm 57 70 12 )
0.062500 0.108253 0.125000 
0.125000 0.216506 0.125000 
0.125000 0.216506 0.000000 
0.062500 0.108253 0.125000 


## triangle on face 000000079 ( somm 72 70 57 )
0.062500 0.108253 0.250000 
0.125000 0.216506 0.125000 
0.062500 0.108253 0.125000 
0.062500 0.108253 0.250000 


## triangle on face 000000080 ( somm 3 165 163 )
0.000000 0.000000 1.000000 
0.062500 0.108253 0.875000 
0.000000 0.000000 0.875000 
0.000000 0.000000 1.000000 


## triangle on face 000000081 ( somm 33 162 165 )
0.125000 0.216506 0.750000 
0.062500 0.108253 0.750000 
0.062500 0.108253 0.875000 
0.125000 0.216506 0.750000 


## triangle on face 000000082 ( somm 163 162 31 )
0.000000 0.000000 0.875000 
0.062500 0.108253 0.750000 
0.000000 0.000000 0.750000 
0.000000 0.000000 0.875000 


## triangle on face 000000083 ( somm 165 162 163 )
0.062500 0.108253 0.875000 
0.062500 0.108253 0.750000 
0.000000 0.000000 0.875000 
0.062500 0.108253 0.875000 


## triangle on face 000000084 ( somm 8 155 157 )
0.250000 0.433013 0.500000 
0.187500 0.324760 0.500000 
0.187500 0.324760 0.625000 
0.250000 0.433013 0.500000 


## triangle on face 000000085 ( somm 30 160 155 )
0.125000 0.216506 0.500000 
0.125000 0.216506 0.625000 
0.187500 0.324760 0.500000 
0.125000 0.216506 0.500000 


## triangle on face 000000086 ( somm 157 160 33 )
0.187500 0.324760 0.625000 
0.125000 0.216506 0.625000 
0.125000 0.216506 0.750000 
0.187500 0.324760 0.625000 


## triangle on face 000000087 ( somm 155 160 157 )
0.187500 0.324760 0.500000 
0.125000 0.216506 0.625000 
0.187500 0.324760 0.625000 
0.187500 0.324760 0.500000 


## triangle on face 000000088 ( somm 31 147 145 )
0.000000 0.000000 0.750000 
0.062500 0.108253 0.625000 
0.000000 0.000000 0.625000 
0.000000 0.000000 0.750000 


## triangle on face 000000089 ( somm 30 144 147 )
0.125000 0.216506 0.500000 
0.062500 0.108253 0.500000 
0.062500 0.108253 0.625000 
0.125000 0.216506 0.500000 


## triangle on face 000000090 ( somm 145 144 6 )
0.000000 0.000000 0.625000 
0.062500 0.108253 0.500000 
0.000000 0.000000 0.500000 
0.000000 0.000000 0.625000 


## triangle on face 000000091 ( somm 147 144 145 )
0.062500 0.108253 0.625000 
0.062500 0.108253 0.500000 
0.000000 0.000000 0.625000 
0.062500 0.108253 0.625000 


## triangle on face 000000092 ( somm 33 160 162 )
0.125000 0.216506 0.750000 
0.125000 0.216506 0.625000 
0.062500 0.108253 0.750000 
0.125000 0.216506 0.750000 


## triangle on face 000000093 ( somm 30 147 160 )
0.125000 0.216506 0.500000 
0.062500 0.108253 0.625000 
0.125000 0.216506 0.625000 
0.125000 0.216506 0.500000 


## triangle on face 000000094 ( somm 162 147 31 )
0.062500 0.108253 0.750000 
0.062500 0.108253 0.625000 
0.000000 0.000000 0.750000 
0.062500 0.108253 0.750000 


## triangle on face 000000095 ( somm 160 147 162 )
0.125000 0.216506 0.625000 
0.062500 0.108253 0.625000 
0.062500 0.108253 0.750000 
0.125000 0.216506 0.625000 


## triangle on face 000000096 ( somm 5 121 120 )
0.250000 0.433013 0.000000 
0.250000 0.433013 0.125000 
0.312500 0.541266 0.000000 
0.250000 0.433013 0.000000 


## triangle on face 000000097 ( somm 28 123 121 )
0.250000 0.433013 0.250000 
0.312500 0.541266 0.125000 
0.250000 0.433013 0.125000 
0.250000 0.433013 0.250000 


## triangle on face 000000098 ( somm 120 123 23 )
0.312500 0.541266 0.000000 
0.312500 0.541266 0.125000 
0.375000 0.649519 0.000000 
0.312500 0.541266 0.000000 


## triangle on face 000000099 ( somm 121 123 120 )
0.250000 0.433013 0.125000 
0.312500 0.541266 0.125000 
0.312500 0.541266 0.000000 
0.250000 0.433013 0.125000 


## triangle on face 000000100 ( somm 8 133 136 )
0.250000 0.433013 0.500000 
0.312500 0.541266 0.375000 
0.250000 0.433013 0.375000 
0.250000 0.433013 0.500000 


## triangle on face 000000101 ( somm 25 131 133 )
0.375000 0.649519 0.250000 
0.312500 0.541266 0.250000 
0.312500 0.541266 0.375000 
0.375000 0.649519 0.250000 


## triangle on face 000000102 ( somm 136 131 28 )
0.250000 0.433013 0.375000 
0.312500 0.541266 0.250000 
0.250000 0.433013 0.250000 
0.250000 0.433013 0.375000 


## triangle on face 000000103 ( somm 133 131 136 )
0.312500 0.541266 0.375000 
0.312500 0.541266 0.250000 
0.250000 0.433013 0.375000 
0.312500 0.541266 0.375000 


## triangle on face 000000104 ( somm 23 118 113 )
0.375000 0.649519 0.000000 
0.375000 0.649519 0.125000 
0.437500 0.757772 0.000000 
0.375000 0.649519 0.000000 


## triangle on face 000000105 ( somm 25 115 118 )
0.375000 0.649519 0.250000 
0.437500 0.757772 0.125000 
0.375000 0.649519 0.125000 
0.375000 0.649519 0.250000 


## triangle on face 000000106 ( somm 113 115 2 )
0.437500 0.757772 0.000000 
0.437500 0.757772 0.125000 
0.500000 0.866025 0.000000 
0.437500 0.757772 0.000000 


## triangle on face 000000107 ( somm 118 115 113 )
0.375000 0.649519 0.125000 
0.437500 0.757772 0.125000 
0.437500 0.757772 0.000000 
0.375000 0.649519 0.125000 


## triangle on face 000000108 ( somm 28 131 123 )
0.250000 0.433013 0.250000 
0.312500 0.541266 0.250000 
0.312500 0.541266 0.125000 
0.250000 0.433013 0.250000 


## triangle on face 000000109 ( somm 25 118 131 )
0.375000 0.649519 0.250000 
0.375000 0.649519 0.125000 
0.312500 0.541266 0.250000 
0.375000 0.649519 0.250000 


## triangle on face 000000110 ( somm 123 118 23 )
0.312500 0.541266 0.125000 
0.375000 0.649519 0.125000 
0.375000 0.649519 0.000000 
0.312500 0.541266 0.125000 


## triangle on face 000000111 ( somm 131 118 123 )
0.312500 0.541266 0.250000 
0.375000 0.649519 0.125000 
0.312500 0.541266 0.125000 
0.312500 0.541266 0.250000 


## triangle on face 000000112 ( somm 6 144 75 )
0.000000 0.000000 0.500000 
0.062500 0.108253 0.500000 
0.062500 0.108253 0.375000 
0.000000 0.000000 0.500000 


## triangle on face 000000113 ( somm 30 274 144 )
0.125000 0.216506 0.500000 
0.125000 0.216506 0.375000 
0.062500 0.108253 0.500000 
0.125000 0.216506 0.500000 


## triangle on face 000000114 ( somm 75 274 15 )
0.062500 0.108253 0.375000 
0.125000 0.216506 0.375000 
0.125000 0.216506 0.250000 
0.062500 0.108253 0.375000 


## triangle on face 000000115 ( somm 144 274 75 )
0.062500 0.108253 0.500000 
0.125000 0.216506 0.375000 
0.062500 0.108253 0.375000 
0.062500 0.108253 0.500000 


## triangle on face 000000116 ( somm 8 136 155 )
0.250000 0.433013 0.500000 
0.250000 0.433013 0.375000 
0.187500 0.324760 0.500000 
0.250000 0.433013 0.500000 


## triangle on face 000000117 ( somm 28 273 136 )
0.250000 0.433013 0.250000 
0.187500 0.324760 0.375000 
0.250000 0.433013 0.375000 
0.250000 0.433013 0.250000 


## triangle on face 000000118 ( somm 155 273 30 )
0.187500 0.324760 0.500000 
0.187500 0.324760 0.375000 
0.125000 0.216506 0.500000 
0.187500 0.324760 0.500000 


## triangle on face 000000119 ( somm 136 273 155 )
0.250000 0.433013 0.375000 
0.187500 0.324760 0.375000 
0.187500 0.324760 0.500000 
0.250000 0.433013 0.375000 


## triangle on face 000000120 ( somm 15 272 67 )
0.125000 0.216506 0.250000 
0.187500 0.324760 0.250000 
0.187500 0.324760 0.125000 
0.125000 0.216506 0.250000 


## triangle on face 000000121 ( somm 28 121 272 )
0.250000 0.433013 0.250000 
0.250000 0.433013 0.125000 
0.187500 0.324760 0.250000 
0.250000 0.433013 0.250000 


## triangle on face 000000122 ( somm 67 121 5 )
0.187500 0.324760 0.125000 
0.250000 0.433013 0.125000 
0.250000 0.433013 0.000000 
0.187500 0.324760 0.125000 


## triangle on face 000000123 ( somm 272 121 67 )
0.187500 0.324760 0.250000 
0.250000 0.433013 0.125000 
0.187500 0.324760 0.125000 
0.187500 0.324760 0.250000 


## triangle on face 000000124 ( somm 30 273 274 )
0.125000 0.216506 0.500000 
0.187500 0.324760 0.375000 
0.125000 0.216506 0.375000 
0.125000 0.216506 0.500000 


## triangle on face 000000125 ( somm 28 272 273 )
0.250000 0.433013 0.250000 
0.187500 0.324760 0.250000 
0.187500 0.324760 0.375000 
0.250000 0.433013 0.250000 


## triangle on face 000000126 ( somm 274 272 15 )
0.125000 0.216506 0.375000 
0.187500 0.324760 0.250000 
0.125000 0.216506 0.250000 
0.125000 0.216506 0.375000 


## triangle on face 000000127 ( somm 273 272 274 )
0.187500 0.324760 0.375000 
0.187500 0.324760 0.250000 
0.125000 0.216506 0.375000 
0.187500 0.324760 0.375000 


## triangle on face 000000128 ( somm 0 54 53 )
0.000000 0.000000 0.000000 
0.062500 0.108253 0.000000 
0.125000 0.000000 0.000000 
0.000000 0.000000 0.000000 


## triangle on face 000000129 ( somm 12 56 54 )
0.125000 0.216506 0.000000 
0.187500 0.108253 0.000000 
0.062500 0.108253 0.000000 
0.125000 0.216506 0.000000 


## triangle on face 000000130 ( somm 53 56 11 )
0.125000 0.000000 0.000000 
0.187500 0.108253 0.000000 
0.250000 0.000000 0.000000 
0.125000 0.000000 0.000000 


## triangle on face 000000131 ( somm 54 56 53 )
0.062500 0.108253 0.000000 
0.187500 0.108253 0.000000 
0.125000 0.000000 0.000000 
0.062500 0.108253 0.000000 


## triangle on face 000000132 ( somm 5 66 65 )
0.250000 0.433013 0.000000 
0.312500 0.324760 0.000000 
0.187500 0.324760 0.000000 
0.250000 0.433013 0.000000 


## triangle on face 000000133 ( somm 14 68 66 )
0.375000 0.216506 0.000000 
0.250000 0.216506 0.000000 
0.312500 0.324760 0.000000 
0.375000 0.216506 0.000000 


## triangle on face 000000134 ( somm 65 68 12 )
0.187500 0.324760 0.000000 
0.250000 0.216506 0.000000 
0.125000 0.216506 0.000000 
0.187500 0.324760 0.000000 


## triangle on face 000000135 ( somm 66 68 65 )
0.312500 0.324760 0.000000 
0.250000 0.216506 0.000000 
0.187500 0.324760 0.000000 
0.312500 0.324760 0.000000 


## triangle on face 000000136 ( somm 11 62 60 )
0.250000 0.000000 0.000000 
0.312500 0.108253 0.000000 
0.375000 0.000000 0.000000 
0.250000 0.000000 0.000000 


## triangle on face 000000137 ( somm 14 59 62 )
0.375000 0.216506 0.000000 
0.437500 0.108253 0.000000 
0.312500 0.108253 0.000000 
0.375000 0.216506 0.000000 


## triangle on face 000000138 ( somm 60 59 4 )
0.375000 0.000000 0.000000 
0.437500 0.108253 0.000000 
0.500000 0.000000 0.000000 
0.375000 0.000000 0.000000 


## triangle on face 000000139 ( somm 62 59 60 )
0.312500 0.108253 0.000000 
0.437500 0.108253 0.000000 
0.375000 0.000000 0.000000 
0.312500 0.108253 0.000000 


## triangle on face 000000140 ( somm 12 68 56 )
0.125000 0.216506 0.000000 
0.250000 0.216506 0.000000 
0.187500 0.108253 0.000000 
0.125000 0.216506 0.000000 


## triangle on face 000000141 ( somm 14 62 68 )
0.375000 0.216506 0.000000 
0.312500 0.108253 0.000000 
0.250000 0.216506 0.000000 
0.375000 0.216506 0.000000 


## triangle on face 000000142 ( somm 56 62 11 )
0.187500 0.108253 0.000000 
0.312500 0.108253 0.000000 
0.250000 0.000000 0.000000 
0.187500 0.108253 0.000000 


## triangle on face 000000143 ( somm 68 62 56 )
0.250000 0.216506 0.000000 
0.312500 0.108253 0.000000 
0.187500 0.108253 0.000000 
0.250000 0.216506 0.000000 


## triangle on face 000000144 ( somm 2 114 113 )
0.500000 0.866025 0.000000 
0.562500 0.757772 0.000000 
0.437500 0.757772 0.000000 
0.500000 0.866025 0.000000 


## triangle on face 000000145 ( somm 24 116 114 )
0.625000 0.649519 0.000000 
0.500000 0.649519 0.000000 
0.562500 0.757772 0.000000 
0.625000 0.649519 0.000000 


## triangle on face 000000146 ( somm 113 116 23 )
0.437500 0.757772 0.000000 
0.500000 0.649519 0.000000 
0.375000 0.649519 0.000000 
0.437500 0.757772 0.000000 


## triangle on face 000000147 ( somm 114 116 113 )
0.562500 0.757772 0.000000 
0.500000 0.649519 0.000000 
0.437500 0.757772 0.000000 
0.562500 0.757772 0.000000 


## triangle on face 000000148 ( somm 7 126 125 )
0.750000 0.433013 0.000000 
0.625000 0.433013 0.000000 
0.687500 0.541266 0.000000 
0.750000 0.433013 0.000000 


## triangle on face 000000149 ( somm 26 128 126 )
0.500000 0.433013 0.000000 
0.562500 0.541266 0.000000 
0.625000 0.433013 0.000000 
0.500000 0.433013 0.000000 


## triangle on face 000000150 ( somm 125 128 24 )
0.687500 0.541266 0.000000 
0.562500 0.541266 0.000000 
0.625000 0.649519 0.000000 
0.687500 0.541266 0.000000 


## triangle on face 000000151 ( somm 126 128 125 )
0.625000 0.433013 0.000000 
0.562500 0.541266 0.000000 
0.687500 0.541266 0.000000 
0.625000 0.433013 0.000000 


## triangle on face 000000152 ( somm 23 122 120 )
0.375000 0.649519 0.000000 
0.437500 0.541266 0.000000 
0.312500 0.541266 0.000000 
0.375000 0.649519 0.000000 


## triangle on face 000000153 ( somm 26 119 122 )
0.500000 0.433013 0.000000 
0.375000 0.433013 0.000000 
0.437500 0.541266 0.000000 
0.500000 0.433013 0.000000 


## triangle on face 000000154 ( somm 120 119 5 )
0.312500 0.541266 0.000000 
0.375000 0.433013 0.000000 
0.250000 0.433013 0.000000 
0.312500 0.541266 0.000000 


## triangle on face 000000155 ( somm 122 119 120 )
0.437500 0.541266 0.000000 
0.375000 0.433013 0.000000 
0.312500 0.541266 0.000000 
0.437500 0.541266 0.000000 


## triangle on face 000000156 ( somm 24 128 116 )
0.625000 0.649519 0.000000 
0.562500 0.541266 0.000000 
0.500000 0.649519 0.000000 
0.625000 0.649519 0.000000 


## triangle on face 000000157 ( somm 26 122 128 )
0.500000 0.433013 0.000000 
0.437500 0.541266 0.000000 
0.562500 0.541266 0.000000 
0.500000 0.433013 0.000000 


## triangle on face 000000158 ( somm 116 122 23 )
0.500000 0.649519 0.000000 
0.437500 0.541266 0.000000 
0.375000 0.649519 0.000000 
0.500000 0.649519 0.000000 


## triangle on face 000000159 ( somm 128 122 116 )
0.562500 0.541266 0.000000 
0.437500 0.541266 0.000000 
0.500000 0.649519 0.000000 
0.562500 0.541266 0.000000 


## triangle on face 000000160 ( somm 4 96 95 )
0.500000 0.000000 0.000000 
0.562500 0.108253 0.000000 
0.625000 0.000000 0.000000 
0.500000 0.000000 0.000000 


## triangle on face 000000161 ( somm 20 98 96 )
0.625000 0.216506 0.000000 
0.687500 0.108253 0.000000 
0.562500 0.108253 0.000000 
0.625000 0.216506 0.000000 


## triangle on face 000000162 ( somm 95 98 18 )
0.625000 0.000000 0.000000 
0.687500 0.108253 0.000000 
0.750000 0.000000 0.000000 
0.625000 0.000000 0.000000 


## triangle on face 000000163 ( somm 96 98 95 )
0.562500 0.108253 0.000000 
0.687500 0.108253 0.000000 
0.625000 0.000000 0.000000 
0.562500 0.108253 0.000000 


## triangle on face 000000164 ( somm 7 90 89 )
0.750000 0.433013 0.000000 
0.812500 0.324760 0.000000 
0.687500 0.324760 0.000000 
0.750000 0.433013 0.000000 


## triangle on face 000000165 ( somm 17 92 90 )
0.875000 0.216506 0.000000 
0.750000 0.216506 0.000000 
0.812500 0.324760 0.000000 
0.875000 0.216506 0.000000 


## triangle on face 000000166 ( somm 89 92 20 )
0.687500 0.324760 0.000000 
0.750000 0.216506 0.000000 
0.625000 0.216506 0.000000 
0.687500 0.324760 0.000000 


## triangle on face 000000167 ( somm 90 92 89 )
0.812500 0.324760 0.000000 
0.750000 0.216506 0.000000 
0.687500 0.324760 0.000000 
0.812500 0.324760 0.000000 


## triangle on face 000000168 ( somm 18 86 84 )
0.750000 0.000000 0.000000 
0.812500 0.108253 0.000000 
0.875000 0.000000 0.000000 
0.750000 0.000000 0.000000 


## triangle on face 000000169 ( somm 17 83 86 )
0.875000 0.216506 0.000000 
0.937500 0.108253 0.000000 
0.812500 0.108253 0.000000 
0.875000 0.216506 0.000000 


## triangle on face 000000170 ( somm 84 83 1 )
0.875000 0.000000 0.000000 
0.937500 0.108253 0.000000 
1.000000 0.000000 0.000000 
0.875000 0.000000 0.000000 


## triangle on face 000000171 ( somm 86 83 84 )
0.812500 0.108253 0.000000 
0.937500 0.108253 0.000000 
0.875000 0.000000 0.000000 
0.812500 0.108253 0.000000 


## triangle on face 000000172 ( somm 20 92 98 )
0.625000 0.216506 0.000000 
0.750000 0.216506 0.000000 
0.687500 0.108253 0.000000 
0.625000 0.216506 0.000000 


## triangle on face 000000173 ( somm 17 86 92 )
0.875000 0.216506 0.000000 
0.812500 0.108253 0.000000 
0.750000 0.216506 0.000000 
0.875000 0.216506 0.000000 


## triangle on face 000000174 ( somm 98 86 18 )
0.687500 0.108253 0.000000 
0.812500 0.108253 0.000000 
0.750000 0.000000 0.000000 
0.687500 0.108253 0.000000 


## triangle on face 000000175 ( somm 92 86 98 )
0.750000 0.216506 0.000000 
0.812500 0.108253 0.000000 
0.687500 0.108253 0.000000 
0.750000 0.216506 0.000000 


## triangle on face 000000176 ( somm 5 119 66 )
0.250000 0.433013 0.000000 
0.375000 0.433013 0.000000 
0.312500 0.324760 0.000000 
0.250000 0.433013 0.000000 


## triangle on face 000000177 ( somm 26 247 119 )
0.500000 0.433013 0.000000 
0.437500 0.324760 0.000000 
0.375000 0.433013 0.000000 
0.500000 0.433013 0.000000 


## triangle on face 000000178 ( somm 66 247 14 )
0.312500 0.324760 0.000000 
0.437500 0.324760 0.000000 
0.375000 0.216506 0.000000 
0.312500 0.324760 0.000000 


## triangle on face 000000179 ( somm 119 247 66 )
0.375000 0.433013 0.000000 
0.437500 0.324760 0.000000 
0.312500 0.324760 0.000000 
0.375000 0.433013 0.000000 


## triangle on face 000000180 ( somm 7 89 126 )
0.750000 0.433013 0.000000 
0.687500 0.324760 0.000000 
0.625000 0.433013 0.000000 
0.750000 0.433013 0.000000 


## triangle on face 000000181 ( somm 20 246 89 )
0.625000 0.216506 0.000000 
0.562500 0.324760 0.000000 
0.687500 0.324760 0.000000 
0.625000 0.216506 0.000000 


## triangle on face 000000182 ( somm 126 246 26 )
0.625000 0.433013 0.000000 
0.562500 0.324760 0.000000 
0.500000 0.433013 0.000000 
0.625000 0.433013 0.000000 


## triangle on face 000000183 ( somm 89 246 126 )
0.687500 0.324760 0.000000 
0.562500 0.324760 0.000000 
0.625000 0.433013 0.000000 
0.687500 0.324760 0.000000 


## triangle on face 000000184 ( somm 14 245 59 )
0.375000 0.216506 0.000000 
0.500000 0.216506 0.000000 
0.437500 0.108253 0.000000 
0.375000 0.216506 0.000000 


## triangle on face 000000185 ( somm 20 96 245 )
0.625000 0.216506 0.000000 
0.562500 0.108253 0.000000 
0.500000 0.216506 0.000000 
0.625000 0.216506 0.000000 


## triangle on face 000000186 ( somm 59 96 4 )
0.437500 0.108253 0.000000 
0.562500 0.108253 0.000000 
0.500000 0.000000 0.000000 
0.437500 0.108253 0.000000 


## triangle on face 000000187 ( somm 245 96 59 )
0.500000 0.216506 0.000000 
0.562500 0.108253 0.000000 
0.437500 0.108253 0.000000 
0.500000 0.216506 0.000000 


## triangle on face 000000188 ( somm 26 246 247 )
0.500000 0.433013 0.000000 
0.562500 0.324760 0.000000 
0.437500 0.324760 0.000000 
0.500000 0.433013 0.000000 


## triangle on face 000000189 ( somm 20 245 246 )
0.625000 0.216506 0.000000 
0.500000 0.216506 0.000000 
0.562500 0.324760 0.000000 
0.625000 0.216506 0.000000 


## triangle on face 000000190 ( somm 247 245 14 )
0.437500 0.324760 0.000000 
0.500000 0.216506 0.000000 
0.375000 0.216506 0.000000 
0.437500 0.324760 0.000000 


## triangle on face 000000191 ( somm 246 245 247 )
0.562500 0.324760 0.000000 
0.500000 0.216506 0.000000 
0.437500 0.324760 0.000000 
0.562500 0.324760 0.000000 


## triangle on face 000000192 ( somm 1 83 85 )
1.000000 0.000000 0.000000 
0.937500 0.108253 0.000000 
0.875000 0.000000 0.125000 
1.000000 0.000000 0.000000 


## triangle on face 000000193 ( somm 17 88 83 )
0.875000 0.216506 0.000000 
0.812500 0.108253 0.125000 
0.937500 0.108253 0.000000 
0.875000 0.216506 0.000000 


## triangle on face 000000194 ( somm 85 88 19 )
0.875000 0.000000 0.125000 
0.812500 0.108253 0.125000 
0.750000 0.000000 0.250000 
0.875000 0.000000 0.125000 


## triangle on face 000000195 ( somm 83 88 85 )
0.937500 0.108253 0.000000 
0.812500 0.108253 0.125000 
0.875000 0.000000 0.125000 
0.937500 0.108253 0.000000 


## triangle on face 000000196 ( somm 7 91 90 )
0.750000 0.433013 0.000000 
0.687500 0.324760 0.125000 
0.812500 0.324760 0.000000 
0.750000 0.433013 0.000000 


## triangle on face 000000197 ( somm 22 93 91 )
0.625000 0.216506 0.250000 
0.750000 0.216506 0.125000 
0.687500 0.324760 0.125000 
0.625000 0.216506 0.250000 


## triangle on face 000000198 ( somm 90 93 17 )
0.812500 0.324760 0.000000 
0.750000 0.216506 0.125000 
0.875000 0.216506 0.000000 
0.812500 0.324760 0.000000 


## triangle on face 000000199 ( somm 91 93 90 )
0.687500 0.324760 0.125000 
0.750000 0.216506 0.125000 
0.812500 0.324760 0.000000 
0.687500 0.324760 0.125000 


## triangle on face 000000200 ( somm 19 101 103 )
0.750000 0.000000 0.250000 
0.687500 0.108253 0.250000 
0.625000 0.000000 0.375000 
0.750000 0.000000 0.250000 


## triangle on face 000000201 ( somm 22 106 101 )
0.625000 0.216506 0.250000 
0.562500 0.108253 0.375000 
0.687500 0.108253 0.250000 
0.625000 0.216506 0.250000 


## triangle on face 000000202 ( somm 103 106 9 )
0.625000 0.000000 0.375000 
0.562500 0.108253 0.375000 
0.500000 0.000000 0.500000 
0.625000 0.000000 0.375000 


## triangle on face 000000203 ( somm 101 106 103 )
0.687500 0.108253 0.250000 
0.562500 0.108253 0.375000 
0.625000 0.000000 0.375000 
0.687500 0.108253 0.250000 


## triangle on face 000000204 ( somm 17 93 88 )
0.875000 0.216506 0.000000 
0.750000 0.216506 0.125000 
0.812500 0.108253 0.125000 
0.875000 0.216506 0.000000 


## triangle on face 000000205 ( somm 22 101 93 )
0.625000 0.216506 0.250000 
0.687500 0.108253 0.250000 
0.750000 0.216506 0.125000 
0.625000 0.216506 0.250000 


## triangle on face 000000206 ( somm 88 101 19 )
0.812500 0.108253 0.125000 
0.687500 0.108253 0.250000 
0.750000 0.000000 0.250000 
0.812500 0.108253 0.125000 


## triangle on face 000000207 ( somm 93 101 88 )
0.750000 0.216506 0.125000 
0.687500 0.108253 0.250000 
0.812500 0.108253 0.125000 
0.750000 0.216506 0.125000 


## triangle on face 000000208 ( somm 2 115 114 )
0.500000 0.866025 0.000000 
0.437500 0.757772 0.125000 
0.562500 0.757772 0.000000 
0.500000 0.866025 0.000000 


## triangle on face 000000209 ( somm 25 117 115 )
0.375000 0.649519 0.250000 
0.500000 0.649519 0.125000 
0.437500 0.757772 0.125000 
0.375000 0.649519 0.250000 


## triangle on face 000000210 ( somm 114 117 24 )
0.562500 0.757772 0.000000 
0.500000 0.649519 0.125000 
0.625000 0.649519 0.000000 
0.562500 0.757772 0.000000 


## triangle on face 000000211 ( somm 115 117 114 )
0.437500 0.757772 0.125000 
0.500000 0.649519 0.125000 
0.562500 0.757772 0.000000 
0.437500 0.757772 0.125000 


## triangle on face 000000212 ( somm 8 135 133 )
0.250000 0.433013 0.500000 
0.375000 0.433013 0.375000 
0.312500 0.541266 0.375000 
0.250000 0.433013 0.500000 


## triangle on face 000000213 ( somm 27 132 135 )
0.500000 0.433013 0.250000 
0.437500 0.541266 0.250000 
0.375000 0.433013 0.375000 
0.500000 0.433013 0.250000 


## triangle on face 000000214 ( somm 133 132 25 )
0.312500 0.541266 0.375000 
0.437500 0.541266 0.250000 
0.375000 0.649519 0.250000 
0.312500 0.541266 0.375000 


## triangle on face 000000215 ( somm 135 132 133 )
0.375000 0.433013 0.375000 
0.437500 0.541266 0.250000 
0.312500 0.541266 0.375000 
0.375000 0.433013 0.375000 


## triangle on face 000000216 ( somm 24 130 125 )
0.625000 0.649519 0.000000 
0.562500 0.541266 0.125000 
0.687500 0.541266 0.000000 
0.625000 0.649519 0.000000 


## triangle on face 000000217 ( somm 27 127 130 )
0.500000 0.433013 0.250000 
0.625000 0.433013 0.125000 
0.562500 0.541266 0.125000 
0.500000 0.433013 0.250000 


## triangle on face 000000218 ( somm 125 127 7 )
0.687500 0.541266 0.000000 
0.625000 0.433013 0.125000 
0.750000 0.433013 0.000000 
0.687500 0.541266 0.000000 


## triangle on face 000000219 ( somm 130 127 125 )
0.562500 0.541266 0.125000 
0.625000 0.433013 0.125000 
0.687500 0.541266 0.000000 
0.562500 0.541266 0.125000 


## triangle on face 000000220 ( somm 25 132 117 )
0.375000 0.649519 0.250000 
0.437500 0.541266 0.250000 
0.500000 0.649519 0.125000 
0.375000 0.649519 0.250000 


## triangle on face 000000221 ( somm 27 130 132 )
0.500000 0.433013 0.250000 
0.562500 0.541266 0.125000 
0.437500 0.541266 0.250000 
0.500000 0.433013 0.250000 


## triangle on face 000000222 ( somm 117 130 24 )
0.500000 0.649519 0.125000 
0.562500 0.541266 0.125000 
0.625000 0.649519 0.000000 
0.500000 0.649519 0.125000 


## triangle on face 000000223 ( somm 132 130 117 )
0.437500 0.541266 0.250000 
0.562500 0.541266 0.125000 
0.500000 0.649519 0.125000 
0.437500 0.541266 0.250000 


## triangle on face 000000224 ( somm 9 149 151 )
0.500000 0.000000 0.500000 
0.437500 0.108253 0.500000 
0.375000 0.000000 0.625000 
0.500000 0.000000 0.500000 


## triangle on face 000000225 ( somm 32 154 149 )
0.375000 0.216506 0.500000 
0.312500 0.108253 0.625000 
0.437500 0.108253 0.500000 
0.375000 0.216506 0.500000 


## triangle on face 000000226 ( somm 151 154 34 )
0.375000 0.000000 0.625000 
0.312500 0.108253 0.625000 
0.250000 0.000000 0.750000 
0.375000 0.000000 0.625000 


## triangle on face 000000227 ( somm 149 154 151 )
0.437500 0.108253 0.500000 
0.312500 0.108253 0.625000 
0.375000 0.000000 0.625000 
0.437500 0.108253 0.500000 


## triangle on face 000000228 ( somm 8 157 156 )
0.250000 0.433013 0.500000 
0.187500 0.324760 0.625000 
0.312500 0.324760 0.500000 
0.250000 0.433013 0.500000 


## triangle on face 000000229 ( somm 33 159 157 )
0.125000 0.216506 0.750000 
0.250000 0.216506 0.625000 
0.187500 0.324760 0.625000 
0.125000 0.216506 0.750000 


## triangle on face 000000230 ( somm 156 159 32 )
0.312500 0.324760 0.500000 
0.250000 0.216506 0.625000 
0.375000 0.216506 0.500000 
0.312500 0.324760 0.500000 


## triangle on face 000000231 ( somm 157 159 156 )
0.187500 0.324760 0.625000 
0.250000 0.216506 0.625000 
0.312500 0.324760 0.500000 
0.187500 0.324760 0.625000 


## triangle on face 000000232 ( somm 34 164 166 )
0.250000 0.000000 0.750000 
0.187500 0.108253 0.750000 
0.125000 0.000000 0.875000 
0.250000 0.000000 0.750000 


## triangle on face 000000233 ( somm 33 165 164 )
0.125000 0.216506 0.750000 
0.062500 0.108253 0.875000 
0.187500 0.108253 0.750000 
0.125000 0.216506 0.750000 


## triangle on face 000000234 ( somm 166 165 3 )
0.125000 0.000000 0.875000 
0.062500 0.108253 0.875000 
0.000000 0.000000 1.000000 
0.125000 0.000000 0.875000 


## triangle on face 000000235 ( somm 164 165 166 )
0.187500 0.108253 0.750000 
0.062500 0.108253 0.875000 
0.125000 0.000000 0.875000 
0.187500 0.108253 0.750000 


## triangle on face 000000236 ( somm 32 159 154 )
0.375000 0.216506 0.500000 
0.250000 0.216506 0.625000 
0.312500 0.108253 0.625000 
0.375000 0.216506 0.500000 


## triangle on face 000000237 ( somm 33 164 159 )
0.125000 0.216506 0.750000 
0.187500 0.108253 0.750000 
0.250000 0.216506 0.625000 
0.125000 0.216506 0.750000 


## triangle on face 000000238 ( somm 154 164 34 )
0.312500 0.108253 0.625000 
0.187500 0.108253 0.750000 
0.250000 0.000000 0.750000 
0.312500 0.108253 0.625000 


## triangle on face 000000239 ( somm 159 164 154 )
0.250000 0.216506 0.625000 
0.187500 0.108253 0.750000 
0.312500 0.108253 0.625000 
0.250000 0.216506 0.625000 


## triangle on face 000000240 ( somm 7 127 91 )
0.750000 0.433013 0.000000 
0.625000 0.433013 0.125000 
0.687500 0.324760 0.125000 
0.750000 0.433013 0.000000 


## triangle on face 000000241 ( somm 27 263 127 )
0.500000 0.433013 0.250000 
0.562500 0.324760 0.250000 
0.625000 0.433013 0.125000 
0.500000 0.433013 0.250000 


## triangle on face 000000242 ( somm 91 263 22 )
0.687500 0.324760 0.125000 
0.562500 0.324760 0.250000 
0.625000 0.216506 0.250000 
0.687500 0.324760 0.125000 


## triangle on face 000000243 ( somm 127 263 91 )
0.625000 0.433013 0.125000 
0.562500 0.324760 0.250000 
0.687500 0.324760 0.125000 
0.625000 0.433013 0.125000 


## triangle on face 000000244 ( somm 8 156 135 )
0.250000 0.433013 0.500000 
0.312500 0.324760 0.500000 
0.375000 0.433013 0.375000 
0.250000 0.433013 0.500000 


## triangle on face 000000245 ( somm 32 265 156 )
0.375000 0.216506 0.500000 
0.437500 0.324760 0.375000 
0.312500 0.324760 0.500000 
0.375000 0.216506 0.500000 


## triangle on face 000000246 ( somm 135 265 27 )
0.375000 0.433013 0.375000 
0.437500 0.324760 0.375000 
0.500000 0.433013 0.250000 
0.375000 0.433013 0.375000 


## triangle on face 000000247 ( somm 156 265 135 )
0.312500 0.324760 0.500000 
0.437500 0.324760 0.375000 
0.375000 0.433013 0.375000 
0.312500 0.324760 0.500000 


## triangle on face 000000248 ( somm 22 264 106 )
0.625000 0.216506 0.250000 
0.500000 0.216506 0.375000 
0.562500 0.108253 0.375000 
0.625000 0.216506 0.250000 


## triangle on face 000000249 ( somm 32 149 264 )
0.375000 0.216506 0.500000 
0.437500 0.108253 0.500000 
0.500000 0.216506 0.375000 
0.375000 0.216506 0.500000 


## triangle on face 000000250 ( somm 106 149 9 )
0.562500 0.108253 0.375000 
0.437500 0.108253 0.500000 
0.500000 0.000000 0.500000 
0.562500 0.108253 0.375000 


## triangle on face 000000251 ( somm 264 149 106 )
0.500000 0.216506 0.375000 
0.437500 0.108253 0.500000 
0.562500 0.108253 0.375000 
0.500000 0.216506 0.375000 


## triangle on face 000000252 ( somm 27 265 263 )
0.500000 0.433013 0.250000 
0.437500 0.324760 0.375000 
0.562500 0.324760 0.250000 
0.500000 0.433013 0.250000 


## triangle on face 000000253 ( somm 32 264 265 )
0.375000 0.216506 0.500000 
0.500000 0.216506 0.375000 
0.437500 0.324760 0.375000 
0.375000 0.216506 0.500000 


## triangle on face 000000254 ( somm 263 264 22 )
0.562500 0.324760 0.250000 
0.500000 0.216506 0.375000 
0.625000 0.216506 0.250000 
0.562500 0.324760 0.250000 


## triangle on face 000000255 ( somm 265 264 263 )
0.437500 0.324760 0.375000 
0.500000 0.216506 0.375000 
0.562500 0.324760 0.250000 
0.437500 0.324760 0.375000 


